# seed: -555555027
83
48 21
40 49 48
89 19 23 50
48 30 23 9 86
97 6 32 90 52 73
52 87 78 0 15 13 5
95 69 8 40 4 0 7 82
9 36 58 79 56 56 78 78 44
9 5 73 80 72 71 61 44 28 63
21 24 6 40 45 78 97 65 52 23 58
87 75 78 32 74 31 92 13 5 19 59 77
36 34 66 33 54 83 83 49 4 22 70 63 38
56 58 58 27 44 29 54 95 96 83 99 1 47 20
38 35 92 4 61 52 45 57 50 32 7 9 94 39 37
49 96 51 25 17 5 4 38 97 73 88 45 14 40 84 75
99 30 14 18 35 12 59 48 32 35 61 1 21 28 86 35 1
67 81 89 88 62 83 60 56 14 77 49 57 0 57 82 1 81 67
77 48 36 3 33 35 1 8 32 68 55 67 22 3 28 10 15 4 65
64 32 57 93 47 88 17 99 62 50 67 75 73 76 6 79 91 62 35 3
90 65 55 47 45 28 26 33 3 56 51 30 12 64 56 67 62 87 55 92 2
26 28 57 25 35 23 66 62 13 51 45 14 99 36 39 8 55 14 44 39 83 50
40 65 22 10 46 62 41 61 25 25 22 81 58 59 15 58 60 30 13 0 99 66 3
0 96 88 5 52 60 71 9 1 0 97 24 19 68 34 59 88 92 84 10 5 30 46 16
50 71 67 1 73 58 8 56 95 43 86 44 91 26 71 13 52 90 67 89 1 77 94 89 88
70 9 86 72 98 3 61 48 45 67 91 86 69 52 15 93 13 96 18 36 20 58 56 90 65 55
28 63 43 28 50 44 82 86 66 91 5 70 6 0 43 48 78 44 24 15 83 29 81 84 33 74 84
93 25 41 59 21 91 82 48 90 55 50 42 38 3 2 79 14 89 86 65 20 77 83 36 97 85 49 41
89 63 17 21 24 93 3 82 89 33 48 24 76 3 57 88 96 79 99 16 92 83 90 94 29 6 89 92 70
65 84 70 15 6 42 64 46 96 90 75 79 18 76 33 96 87 48 81 95 83 72 1 32 22 92 52 26 20 32
72 9 86 13 12 82 12 0 64 0 76 96 66 44 69 11 73 64 30 33 13 96 15 53 61 89 66 96 17 27 23
32 32 47 52 18 15 86 76 52 13 98 52 87 62 3 16 12 3 0 9 86 3 32 3 85 8 24 62 46 2 61 71
84 9 27 72 33 51 88 86 81 19 83 78 53 69 4 74 84 63 46 15 84 29 48 8 64 67 21 47 17 55 34 87 24
78 78 14 7 51 46 57 60 71 16 19 27 21 59 51 74 2 84 93 44 41 94 8 87 76 67 57 39 7 56 45 52 87 12
77 96 12 86 3 0 64 96 86 49 11 52 11 78 7 30 90 76 44 20 56 17 38 63 30 10 47 69 40 90 61 81 29 52 66
75 39 33 54 61 43 55 14 7 62 57 42 30 39 57 26 69 56 82 98 72 97 32 99 91 44 99 98 48 7 79 16 5 41 28 82
65 83 84 20 1 28 14 71 70 15 47 14 94 81 63 6 32 24 87 67 58 37 33 21 30 7 13 16 57 81 12 66 92 62 22 15 64
9 34 15 98 7 9 54 85 1 20 60 33 23 36 95 40 83 59 47 62 24 98 24 65 51 65 28 51 23 28 0 38 61 80 29 15 31 77
32 3 10 79 47 11 55 67 86 98 30 50 22 5 7 46 21 3 47 84 72 38 51 73 31 70 88 0 61 13 86 86 76 21 98 30 0 75 48
0 25 25 39 49 25 47 71 36 23 85 49 44 52 1 85 63 87 12 10 47 44 40 20 31 28 90 43 49 57 81 1 55 44 63 16 13 28 59 29
6 9 33 45 70 14 15 66 16 66 69 59 56 5 63 90 54 63 50 27 27 97 41 26 16 7 6 98 20 95 54 20 78 93 54 99 1 89 5 25 17
94 67 72 40 60 63 24 1 72 1 80 36 52 34 64 67 94 49 53 61 7 84 65 69 81 36 31 26 82 30 67 86 24 12 39 78 93 64 61 25 52 15
12 81 75 57 11 23 32 1 81 90 47 96 24 55 73 8 81 4 60 19 52 79 99 98 85 82 49 49 82 26 46 17 49 93 13 21 26 26 90 0 35 59 19
87 64 1 27 20 13 59 43 24 47 40 49 7 54 25 15 75 90 16 44 45 74 85 2 35 98 46 32 95 81 72 4 9 41 5 38 78 55 56 79 5 56 97 52
10 91 2 79 57 30 63 84 37 62 64 2 91 14 28 50 31 80 62 5 5 0 3 81 53 39 50 77 49 8 94 41 52 58 90 14 0 29 47 27 8 31 14 18 80
47 25 35 95 89 37 94 80 17 93 93 45 6 86 84 73 11 35 52 55 56 88 91 16 8 20 13 74 72 8 97 24 68 99 36 23 78 99 44 42 23 14 54 82 82 43
56 92 80 51 36 49 50 81 74 29 62 58 42 47 13 61 19 12 62 71 53 59 16 2 93 46 26 98 35 56 68 37 25 43 27 84 19 56 58 67 35 54 84 16 9 15 45
34 77 31 84 37 78 79 4 10 63 57 99 76 49 0 37 93 80 66 77 48 47 66 30 85 63 43 29 44 40 27 94 66 10 91 91 81 63 28 8 34 66 35 30 58 65 12 51
38 64 24 30 48 1 74 28 52 77 34 38 88 81 42 51 5 26 25 59 54 31 44 90 6 36 91 78 62 96 2 91 85 45 14 25 29 1 40 90 87 97 5 63 1 60 71 36 84
49 16 71 10 75 25 28 11 35 34 48 25 69 57 54 93 32 92 35 33 66 13 62 43 11 17 15 12 91 20 5 86 56 81 99 87 87 74 72 88 2 64 19 63 79 61 50 2 60 81
7 97 69 43 90 10 4 33 54 75 80 93 94 40 42 84 0 15 87 19 40 82 50 72 40 48 13 86 45 1 13 34 98 97 43 52 96 79 83 30 77 47 9 40 39 77 27 48 58 12 86
40 30 24 45 35 30 0 88 8 25 21 15 87 3 24 37 23 22 51 13 4 56 36 51 66 76 17 4 10 76 52 73 98 33 78 25 56 46 95 4 16 16 67 31 27 75 28 82 24 39 81 88
46 30 30 65 84 13 45 44 74 2 81 64 79 57 37 82 68 63 81 80 1 84 10 48 19 26 32 88 43 18 50 42 69 75 4 30 21 82 84 23 51 21 92 19 1 69 93 42 71 2 58 98 11
27 83 90 87 90 11 65 40 61 85 14 21 61 44 85 89 11 15 1 42 33 17 50 63 79 28 31 25 87 81 12 14 64 36 33 90 22 59 15 39 91 50 17 25 5 5 95 88 41 73 15 67 57 0
80 73 38 0 48 1 1 8 91 82 90 80 54 73 76 82 6 73 72 90 62 62 81 86 56 86 34 95 16 33 30 69 66 71 98 69 62 8 56 33 14 83 3 52 56 52 36 81 72 1 52 88 33 0 29
4 99 27 63 11 44 57 63 67 44 21 78 74 51 53 77 14 51 94 90 74 56 74 7 73 23 63 71 32 70 34 92 60 34 56 64 28 88 66 89 36 14 96 84 55 41 13 0 81 0 81 27 74 0 72 1
4 60 39 92 91 42 1 91 4 59 44 21 39 62 50 3 66 67 90 47 36 83 96 8 39 42 82 93 47 46 26 73 31 23 85 97 5 51 45 2 21 55 19 35 47 1 55 50 47 1 33 51 87 66 62 21 0
77 24 50 89 82 83 0 6 64 93 21 81 0 89 23 47 26 89 8 13 50 21 78 21 10 52 40 41 21 70 57 72 69 31 89 69 38 32 89 52 42 72 24 51 54 90 13 94 95 26 18 59 75 13 98 57 90 11
66 24 72 73 21 15 17 79 38 66 64 80 52 95 46 36 22 43 71 32 90 78 15 6 47 96 30 95 26 72 95 46 13 51 27 42 7 1 30 29 29 48 75 93 87 22 52 47 7 62 66 54 74 94 18 86 72 61 30
91 75 56 67 66 49 59 51 66 59 97 48 99 90 76 75 37 47 96 76 40 16 72 99 13 86 96 96 0 42 89 40 52 92 70 72 1 30 95 39 37 36 17 47 55 93 86 1 68 55 15 42 95 75 48 99 36 82 18 13
6 59 13 18 3 59 82 4 29 17 44 79 78 3 67 51 48 18 44 36 43 52 17 89 69 85 98 96 65 5 66 92 19 37 88 19 43 53 79 95 97 80 73 99 86 12 21 75 74 41 97 0 70 1 19 34 56 46 62 73 74
64 38 3 67 10 18 59 86 44 67 51 97 48 38 64 65 69 57 24 57 62 34 57 85 72 17 81 14 74 65 83 39 26 59 0 86 56 56 95 81 72 45 74 65 73 84 5 62 97 52 22 41 25 89 0 51 21 11 90 13 33 91
20 37 51 18 75 29 14 73 2 7 44 72 33 77 51 2 47 2 54 94 53 43 38 22 48 57 25 49 20 7 36 43 47 80 36 41 14 10 91 41 12 26 41 57 64 70 47 64 68 65 76 55 28 70 5 63 34 78 83 95 65 27 9
53 4 88 89 89 55 75 61 33 81 51 54 45 59 91 71 31 14 74 84 83 56 21 31 66 32 79 40 1 43 42 97 6 11 8 13 77 15 99 7 81 86 97 8 54 45 87 40 83 40 30 30 98 9 22 34 11 56 88 28 67 79 46 17
17 85 97 89 35 58 10 69 24 54 89 18 93 47 92 63 70 43 37 77 16 75 5 23 1 77 68 10 12 96 57 91 34 81 22 13 62 80 92 6 90 45 43 5 62 45 17 62 99 2 86 81 64 66 80 46 40 52 44 19 22 95 57 9 82
24 68 55 93 48 14 40 83 88 3 76 69 59 99 27 19 29 34 83 88 45 96 44 33 47 88 90 43 61 28 41 28 20 11 14 30 92 90 14 92 82 72 92 14 33 72 4 0 4 89 59 90 93 38 27 11 12 12 71 88 24 77 97 9 75 94
16 71 10 14 52 61 11 30 8 61 46 86 19 29 47 82 96 68 62 9 49 55 99 51 44 18 20 76 23 16 73 31 61 18 18 73 66 89 7 51 57 29 23 79 26 23 39 54 59 76 76 29 72 20 18 37 30 71 67 78 57 34 0 3 26 57 26
79 64 24 87 1 95 0 16 77 99 77 23 73 35 95 26 86 73 23 11 80 80 4 59 93 21 97 78 85 7 61 48 4 18 55 78 53 41 0 93 35 44 16 8 74 29 65 65 0 29 66 53 6 71 53 97 51 57 68 50 75 71 26 37 4 68 81 32
18 91 35 49 42 19 91 5 74 28 82 37 83 98 40 9 95 42 53 45 71 16 89 60 30 90 68 57 16 2 90 22 89 14 39 13 36 95 87 6 60 17 70 50 16 38 10 41 93 58 10 91 65 33 88 53 81 97 75 88 30 12 63 15 18 70 61 37 87
47 46 63 6 15 81 8 85 76 14 7 2 38 43 70 49 66 21 12 85 12 46 58 44 22 35 47 36 70 45 85 13 45 39 28 49 19 18 14 0 39 68 58 94 60 47 19 91 46 73 13 18 94 95 54 5 48 31 58 76 63 19 85 84 40 19 38 20 61 55
41 52 13 67 79 91 60 40 98 67 64 79 17 55 20 49 81 93 34 6 93 73 36 87 48 23 80 0 24 13 64 23 21 21 97 51 37 59 39 40 55 46 78 0 30 25 85 91 27 32 68 24 3 33 26 45 59 2 69 6 23 57 80 73 62 56 86 9 60 10 29
72 34 43 11 67 10 72 22 75 79 35 59 78 60 6 80 81 50 74 42 80 77 39 26 38 63 59 74 64 36 78 45 33 46 46 67 17 25 35 98 67 11 56 17 44 85 92 67 50 77 85 89 98 72 37 30 66 74 60 92 28 34 49 39 69 88 3 78 65 65 87 94
0 61 49 87 92 84 69 2 50 19 81 97 69 32 72 39 62 5 66 92 90 93 63 76 5 48 10 40 63 72 24 85 34 26 77 22 76 36 11 22 47 30 24 90 36 63 47 1 92 13 73 81 41 89 65 32 0 77 75 13 36 41 41 20 49 13 64 24 24 46 18 70 31
12 20 88 75 3 60 38 61 61 97 21 62 67 55 46 12 61 3 49 63 65 91 54 13 40 22 74 3 20 67 71 48 90 64 15 99 39 20 95 0 83 62 91 8 5 53 15 0 22 0 80 93 90 33 72 34 89 3 73 5 73 22 33 63 63 17 27 51 83 26 38 51 77 12
67 8 93 14 74 20 1 60 90 81 67 21 70 67 89 80 27 95 69 35 83 20 61 85 68 44 84 27 35 93 28 80 65 5 87 51 64 75 10 2 39 83 21 61 19 26 28 7 42 24 12 73 77 63 58 58 34 1 17 95 65 57 19 29 45 11 77 63 20 3 8 98 75 76 49
45 59 38 90 50 12 56 47 25 96 8 59 50 46 11 94 41 69 17 48 47 35 63 93 76 11 6 17 17 10 43 48 66 95 10 30 60 63 24 69 54 68 35 51 15 54 89 84 82 95 95 81 34 71 28 67 63 56 77 35 25 12 89 21 32 43 87 33 49 1 40 98 37 64 15 0
4 55 35 86 6 57 77 51 58 85 18 77 63 64 32 7 44 26 41 21 3 26 22 51 78 64 23 3 66 41 78 76 38 5 6 52 92 62 81 54 79 81 66 57 14 78 15 41 72 6 79 42 74 13 73 68 33 58 53 47 17 42 98 88 43 92 97 34 22 92 68 82 38 55 80 42 69
95 70 72 99 77 12 90 2 19 89 0 16 21 82 82 33 47 73 32 40 29 68 85 45 39 26 54 61 44 39 60 55 99 93 93 72 11 23 77 46 85 62 78 33 72 19 12 87 98 77 88 94 30 32 99 40 76 15 52 26 26 51 20 93 65 36 4 92 29 81 81 71 74 44 63 82 62 16
62 50 88 59 7 24 76 13 75 88 7 71 22 40 46 8 17 63 81 98 49 25 65 89 24 69 3 22 31 54 81 95 99 87 4 4 34 62 12 25 54 72 7 25 52 51 0 63 95 49 32 29 68 49 57 20 21 84 87 82 62 70 72 75 24 62 32 94 13 44 64 51 14 50 52 55 20 0 37
20 50 54 6 44 28 54 11 97 13 47 67 79 35 84 35 65 19 70 4 93 84 78 18 44 82 59 27 7 52 97 63 86 95 11 18 30 34 70 25 92 34 43 98 0 75 37 90 79 6 37 13 15 71 1 96 54 58 87 76 31 61 80 83 21 53 11 93 48 58 80 1 78 46 55 69 59 66 10 41
25 60 20 18 23 97 19 96 93 71 65 38 41 35 3 86 85 60 19 34 66 96 28 1 90 60 60 60 90 8 26 39 85 34 62 32 13 11 82 40 83 76 98 66 63 78 76 98 59 9 23 82 73 43 23 3 8 73 50 38 38 97 13 2 50 98 73 67 84 13 89 34 35 41 58 31 27 25 94 13 99
99 46 20 31 65 43 61 49 60 40 11 35 36 15 33 33 78 61 86 26 55 80 24 38 82 4 22 46 78 94 17 0 14 21 77 84 16 86 29 92 9 31 44 65 90 56 88 24 69 12 25 9 8 59 28 26 24 81 18 32 99 18 44 74 26 68 52 66 9 63 29 62 12 79 37 96 7 57 51 51 92 52
85 86 29 11 49 23 70 36 8 49 40 59 40 74 16 58 62 72 87 38 60 74 26 31 37 60 71 0 3 13 22 13 74 50 47 78 30 99 0 19 87 60 83 98 39 71 63 68 98 70 88 15 57 29 2 77 36 25 5 11 6 18 15 33 3 39 15 54 93 65 11 40 0 55 90 18 51 33 15 10 61 15 26
74 46 34 60 50 16 82 83 73 73 63 11 10 93 22 20 82 85 74 6 79 63 29 91 91 78 73 29 35 2 97 2 55 86 21 80 61 86 21 83 58 96 43 75 32 83 15 52 50 6 8 13 89 67 77 76 61 27 78 23 28 86 90 32 23 73 91 71 16 37 8 30 54 39 18 70 73 30 17 52 26 60 27 4
98 84 57 57 13 45 13 23 77 25 91 11 49 11 83 32 75 22 77 99 50 6 9 16 7 97 66 4 10 46 54 0 18 43 67 12 89 26 21 49 77 70 16 44 77 19 65 71 4 64 58 72 20 82 39 86 42 61 69 92 87 42 17 12 40 96 20 31 35 61 66 55 57 38 66 56 91 47 10 21 33 24 60 67 6
21 73 31 71 93 77 36 43 91 81 92 48 78 64 91 89 82 5 71 0 32 22 24 75 58 58 65 58 5 7 37 11 32 38 91 34 90 36 75 0 13 81 44 68 42 71 48 69 89 90 81 80 48 51 47 17 92 68 67 16 81 27 77 39 16 91 54 19 19 20 14 37 4 9 9 62 91 37 46 98 13 35 3 91 95 32
12 18 93 40 0 99 84 88 85 42 59 75 69 53 45 50 41 94 12 38 14 87 33 6 48 49 40 47 19 97 73 9 70 96 9 2 70 67 87 82 23 17 82 30 31 81 92 38 47 63 13 47 80 46 42 38 31 16 41 27 48 75 29 53 14 69 68 99 27 71 93 73 48 2 26 69 68 63 35 21 78 9 83 57 9 84 75
65 11 37 16 25 14 73 76 54 96 12 54 43 27 8 51 76 36 79 1 27 32 70 62 24 16 30 58 87 19 37 63 30 20 46 73 56 74 15 81 78 47 89 92 69 92 58 57 9 75 34 93 20 76 31 30 6 62 44 14 90 18 84 51 27 17 25 84 85 71 20 21 91 8 93 52 25 4 56 10 74 48 57 48 81 95 9 91
86 96 66 96 13 60 47 6 18 8 77 49 31 57 17 99 7 0 18 75 35 58 67 3 64 92 8 92 98 25 29 96 0 81 12 10 64 15 27 78 88 43 27 84 95 44 29 40 7 93 54 29 12 3 22 47 92 95 73 23 77 63 59 93 95 50 98 69 76 2 23 91 49 79 57 2 76 25 1 44 75 39 91 18 96 65 75 90 48
69 37 19 80 28 99 92 13 35 56 61 28 29 53 18 26 3 96 41 6 7 85 10 95 88 11 83 22 98 99 50 85 6 93 99 59 52 64 54 28 84 55 91 88 25 69 86 21 41 89 70 26 79 41 26 91 14 33 86 46 97 81 20 27 61 16 26 25 7 15 34 2 53 81 33 85 53 41 48 42 23 51 93 27 51 28 85 11 94 98
28 89 71 35 55 58 83 85 74 74 70 11 77 45 61 76 32 59 17 59 36 47 18 34 86 82 9 11 51 98 28 56 62 10 7 22 32 70 0 11 34 35 64 89 18 74 6 91 17 64 21 19 13 79 98 58 82 54 40 29 11 22 59 97 42 33 93 41 18 74 64 7 34 75 2 49 86 93 86 86 78 19 54 83 3 2 2 91 27 27 41
95 77 85 65 27 93 99 49 61 87 92 54 78 54 91 30 66 12 18 97 2 41 61 15 48 12 63 0 34 50 30 86 89 30 1 12 40 44 3 60 50 87 6 79 41 41 38 54 69 2 73 89 81 8 36 48 9 29 8 30 17 8 18 77 10 94 24 97 43 37 70 45 72 99 70 51 78 29 56 57 34 96 65 68 53 49 0 98 36 68 55 57
62 11 8 14 87 68 35 12 64 54 59 12 42 2 54 38 51 65 38 76 0 55 64 91 24 62 3 16 82 49 49 4 24 12 71 23 92 93 2 76 24 18 67 86 49 81 63 60 67 77 83 49 53 79 81 46 36 81 96 2 3 3 70 85 15 68 19 82 52 64 1 62 81 8 45 53 32 92 25 8 46 1 96 14 18 55 11 61 16 44 44 96 14
31 46 90 87 81 65 46 40 26 80 66 5 2 81 63 28 10 60 91 89 5 32 26 42 75 92 71 97 29 37 99 72 76 49 92 89 61 16 60 88 26 3 92 59 30 36 76 69 95 84 77 58 25 28 14 63 64 34 98 5 27 63 42 17 63 83 27 67 90 29 78 35 53 66 72 14 22 41 62 10 92 21 2 39 33 66 25 81 90 66 88 30 97 32
93 8 88 60 38 11 62 23 26 66 2 69 93 25 85 8 67 48 37 99 17 86 29 61 3 74 0 28 73 82 65 27 13 62 21 12 91 84 24 50 7 57 22 31 29 89 43 98 11 15 57 85 20 81 21 38 48 32 11 16 39 95 82 9 81 38 85 86 60 94 95 51 70 31 53 54 13 63 67 99 60 30 21 73 57 95 14 11 13 79 34 50 92 84 88
56 89 33 22 52 26 13 89 90 46 69 2 64 68 20 51 69 40 22 96 61 72 89 86 4 33 44 81 90 22 13 46 32 5 7 44 8 9 69 57 69 15 67 33 78 33 47 78 38 6 39 35 7 27 85 42 88 44 59 58 8 42 39 78 60 46 24 20 20 40 99 46 74 97 68 19 24 35 99 40 14 18 4 81 97 44 33 42 51 79 68 71 63 71 36 91
40 59 31 6 62 96 69 62 45 1 73 64 2 27 7 49 56 13 50 63 64 61 71 7 22 5 66 76 5 96 6 93 13 92 53 49 15 9 13 60 73 10 42 83 48 65 44 89 56 38 49 32 96 76 53 91 72 38 38 6 52 84 71 92 30 58 65 82 3 19 30 40 42 24 62 77 30 73 91 80 31 33 12 17 9 61 18 55 9 2 48 80 9 80 1 20 63
68 88 20 58 94 96 6 77 8 2 89 96 38 9 62 72 66 52 54 15 34 70 44 22 14 95 79 69 80 83 49 69 98 2 59 36 13 3 98 41 0 6 7 66 77 68 99 64 74 13 82 90 25 2 44 19 9 52 70 82 51 6 23 39 48 98 1 57 26 44 32 46 18 53 65 23 78 34 15 46 8 82 33 46 11 76 32 30 91 58 50 29 47 40 54 14 83 49
31 0 62 81 3 9 74 60 72 89 13 90 74 10 24 20 12 2 92 66 33 46 32 31 19 58 94 63 18 29 30 91 0 75 44 16 57 14 46 6 59 6 30 52 16 33 39 34 99 8 0 31 61 56 97 65 32 17 77 41 55 29 49 4 33 32 31 84 69 35 60 40 83 96 28 41 37 34 28 82 57 10 34 59 50 62 53 60 46 54 12 16 46 53 12 43 45 69 10
9 52 7 52 26 7 41 36 39 41 90 39 21 94 86 71 14 87 47 60 21 68 72 46 75 65 93 4 64 2 68 38 15 56 91 84 60 53 34 94 12 33 4 92 38 27 14 79 20 87 80 63 20 18 85 65 38 29 34 88 5 12 30 15 31 58 21 10 69 97 87 34 50 7 4 0 67 68 3 82 61 48 16 45 68 85 35 15 98 26 99 84 64 76 83 21 67 86 80 37