# seed: -1421123945
49
81 11
30 8 16
19 31 28 57
42 96 82 39 81
32 86 96 13 22 56
36 96 57 89 45 23 67
33 8 27 41 22 94 40 17
24 95 80 39 37 25 87 2 47
39 32 2 61 89 94 11 83 79 21
14 99 40 12 76 24 16 95 89 76 75
57 62 67 47 53 46 72 6 43 71 33 28
7 17 47 15 53 1 3 28 63 76 31 35 88
43 10 15 46 67 15 60 48 30 29 2 98 68 96
43 25 21 67 18 6 60 72 39 95 25 8 15 7 11
92 44 44 80 85 17 43 3 39 92 87 9 74 94 61 42
62 85 96 82 34 69 2 47 55 8 52 68 22 28 20 40 76
91 92 51 79 35 50 90 51 12 51 87 95 69 81 79 1 3 46
71 32 54 94 94 5 59 13 9 70 27 74 42 8 93 52 79 31 87
48 99 12 19 52 59 82 97 59 63 50 86 33 64 94 15 70 62 18 44
96 55 11 64 38 9 83 33 44 82 97 38 48 34 65 46 94 19 5 13 89
30 89 25 39 29 77 45 19 17 57 18 18 25 84 31 47 34 22 92 68 82 29
49 39 12 80 76 13 65 15 48 74 29 90 65 26 89 40 57 25 90 23 93 42 80
83 93 14 68 17 58 35 52 16 2 72 72 38 74 81 66 84 36 31 59 92 41 51 37
51 41 86 26 76 78 70 36 72 76 46 3 4 70 39 67 4 6 75 50 50 35 49 33 28
20 47 64 47 62 90 5 38 38 1 27 39 77 17 24 41 81 31 67 10 93 67 49 43 98 61
66 78 16 11 88 92 76 7 97 25 35 19 13 61 17 27 32 89 41 30 9 59 45 46 57 47 30
22 76 36 44 57 85 7 92 41 5 70 80 46 57 92 61 2 17 33 16 26 89 54 30 99 84 3 82
2 20 29 77 69 21 31 38 92 70 60 72 9 85 56 76 1 92 57 31 27 28 52 37 6 71 45 10 38
6 44 73 28 40 46 36 44 15 64 78 45 53 38 12 73 72 69 96 46 54 87 78 69 43 96 98 65 77 3
66 36 6 2 43 7 14 71 40 0 84 51 78 93 42 45 75 42 30 1 35 40 12 83 74 46 82 24 97 86 27
39 25 5 51 69 70 19 17 39 4 87 66 13 16 95 42 72 85 76 74 56 79 24 41 45 42 80 93 36 33 66 45
83 0 65 88 37 44 97 89 3 93 97 94 56 50 99 24 33 47 99 65 46 75 68 85 68 30 21 19 36 29 59 96 1
86 16 46 58 7 20 90 95 50 0 68 14 47 2 9 25 41 3 47 44 67 56 29 53 67 39 29 69 23 13 91 5 65 98
73 49 37 73 25 78 96 51 80 94 90 79 31 47 30 8 64 72 64 91 80 40 49 43 11 1 6 42 50 84 21 95 72 24 24
59 53 65 54 26 97 68 65 62 84 21 22 66 95 16 84 37 98 0 3 45 25 14 29 65 2 90 91 67 25 45 66 58 94 0 74
24 84 24 87 36 47 35 63 81 49 79 36 54 11 10 42 97 67 63 66 27 74 27 34 81 22 23 90 3 93 74 44 39 29 39 40 93
29 51 38 12 10 81 0 64 8 26 33 63 56 84 72 30 18 86 3 79 12 98 23 50 69 20 1 49 24 71 91 99 49 15 81 97 82 34
64 20 64 47 5 23 77 69 63 2 90 84 94 75 82 79 83 93 14 94 29 79 41 30 22 13 51 79 60 2 65 39 24 64 19 74 93 9 30
46 7 22 7 96 34 47 90 48 89 66 0 75 99 33 59 67 84 36 27 49 34 96 2 14 57 79 14 63 42 28 3 16 52 34 96 39 7 33 34
79 72 65 64 68 3 87 95 70 25 42 94 27 88 59 18 57 81 18 31 13 11 58 51 1 89 19 45 13 70 70 19 75 26 33 57 52 90 73 29 67
73 46 26 73 94 63 89 15 81 96 68 17 97 81 48 3 56 4 39 26 39 38 17 68 82 14 31 57 68 3 81 3 12 57 82 89 83 16 31 60 30 5
29 74 91 3 28 17 96 33 76 33 25 25 76 30 92 45 74 13 28 41 42 32 70 78 99 41 3 54 88 20 6 42 24 30 58 46 68 51 45 71 90 62 57
31 3 61 40 5 99 40 43 23 53 48 59 66 27 13 3 93 87 91 66 99 39 34 66 31 63 73 51 61 61 59 34 32 83 77 50 26 17 23 20 16 34 10 67
4 21 22 18 65 85 42 39 22 86 57 18 94 23 84 23 36 3 98 69 95 84 27 18 97 21 90 76 26 9 70 2 36 45 80 65 69 90 71 75 98 3 37 30 19
30 30 71 15 10 84 9 74 10 6 8 30 5 9 82 95 42 40 56 63 64 87 68 19 65 64 56 36 32 31 43 78 57 13 68 19 90 68 7 59 65 62 64 27 43 35
79 57 8 64 89 44 97 62 54 41 16 72 44 34 20 51 53 27 47 0 18 99 69 83 18 84 24 87 18 55 54 9 94 62 32 75 2 8 36 18 80 69 9 55 1 63 71
4 71 57 74 55 13 7 21 21 83 15 88 49 2 67 11 18 52 79 10 3 49 34 33 18 9 5 25 74 41 92 82 59 30 66 76 26 81 24 9 13 1 85 5 20 72 37 17
55 20 12 98 42 3 83 37 68 57 6 76 87 94 20 40 71 1 52 50 37 55 9 29 52 41 98 50 25 0 36 8 92 7 33 83 39 8 89 43 42 6 4 89 52 19 80 89 97
44 73 16 41 89 94 50 26 35 54 85 66 34 85 60 1 45 98 18 98 93 75 23 56 89 39 30 19 67 7 9 97 5 95 30 85 96 20 27 42 98 73 36 93 3 75 93 89 13 59
3 75 4 10 90 75 16 83 41 46 56 25 29 74 21 3 27 72 21 19 28 1 62 95 84 9 17 39 28 25 15 79 70 71 62 88 30 43 51 28 87 48 77 91 80 90 63 45 61 8 50
6 81 75 68 40 81 22 53 80 25 92 36 80 51 60 4 69 29 23 30 5 11 54 30 76 94 74 69 77 14 20 52 5 31 31 0 19 22 77 27 94 38 83 4 44 73 80 52 16 63 57 83
84 79 70 31 37 64 21 87 35 18 65 48 88 17 54 73 94 17 40 12 62 1 94 22 57 29 14 12 61 71 14 17 87 57 45 99 77 53 49 18 47 3 37 24 44 3 76 80 47 32 61 78 79
73 92 27 41 71 58 86 21 52 37 22 88 22 40 72 4 37 27 73 9 15 22 66 13 6 88 0 16 8 46 58 54 70 30 6 45 79 4 8 27 17 16 42 37 38 90 93 31 84 66 25 73 63 82
32 49 49 79 77 59 93 81 57 98 5 12 80 13 53 96 92 7 15 44 98 7 96 79 78 57 7 87 22 26 55 31 12 7 56 89 85 49 86 45 81 35 56 65 64 17 88 7 68 42 52 80 46 67 98
11 11 55 69 54 99 58 15 32 13 96 59 93 89 74 72 19 4 94 9 34 83 9 61 39 19 67 83 21 97 35 54 94 68 88 46 66 52 39 54 86 78 62 19 72 88 58 47 73 4 27 76 7 12 49 64
90 48 51 68 39 75 3 29 13 53 28 15 36 66 6 58 3 1 89 3 73 84 85 39 4 63 12 16 59 88 45 80 3 69 69 40 81 85 41 15 62 34 4 27 12 93 15 33 61 1 76 99 89 57 99 20 57
92 83 49 55 22 21 79 14 65 42 58 72 11 76 27 31 35 8 58 49 32 83 67 38 1 87 20 24 4 51 69 39 90 84 91 51 3 92 35 3 3 89 78 96 40 40 46 87 20 22 24 68 80 0 58 88 83 62
53 10 84 87 75 22 15 62 42 54 46 76 69 87 5 46 73 20 5 8 28 22 90 60 74 53 20 42 44 50 18 34 38 74 86 58 86 90 17 25 19 37 24 7 85 96 42 22 57 53 53 2 97 88 23 78 87 3 73
55 58 84 42 67 3 57 86 43 38 68 82 98 93 12 9 90 94 28 42 44 4 35 37 24 89 46 20 99 91 23 2 14 36 95 99 68 85 38 43 39 2 50 45 84 17 50 80 49 10 18 89 41 38 25 32 59 91 2 5
3 67 48 24 39 94 93 44 41 27 82 33 51 12 10 66 87 49 24 57 68 71 18 59 48 53 68 79 16 52 26 67 39 89 28 70 57 64 84 91 23 41 25 61 65 26 6 76 72 75 86 94 39 34 68 67 21 63 48 33 85
36 33 64 2 51 93 65 90 45 42 83 93 92 23 15 14 4 24 21 46 94 71 84 30 2 25 43 61 83 88 75 75 99 55 81 68 33 63 36 24 14 73 12 7 27 27 54 30 72 15 36 34 11 32 49 37 69 19 70 91 22 17
40 21 48 84 23 62 77 59 60 64 55 56 46 42 10 94 39 85 57 64 81 15 77 16 89 80 41 76 92 4 31 55 85 85 85 93 80 72 41 93 33 82 43 68 77 89 69 43 85 22 54 57 32 2 76 1 83 94 31 67 10 67 50
41 14 50 32 88 25 0 41 17 66 6 48 43 1 85 13 31 65 15 64 32 49 42 8 29 36 25 91 72 70 40 67 4 86 32 78 79 87 68 59 54 31 8 44 23 43 49 21 2 94 38 22 31 44 47 30 24 19 99 48 27 49 40 14
11 1 26 30 0 48 44 25 81 57 4 96 30 49 70 77 3 41 97 38 24 77 62 65 63 45 62 40 24 43 82 40 52 93 66 14 17 14 75 86 85 28 42 80 30 72 35 1 99 97 70 66 86 64 50 93 18 41 44 1 4 32 79 56 29
11 30 84 18 24 13 46 52 7 82 55 74 88 52 14 78 7 31 71 70 29 59 62 41 12 30 0 45 68 42 19 50 73 91 1 13 25 67 26 99 30 43 66 38 41 90 95 11 98 2 41 94 8 82 25 55 50 12 68 9 32 43 36 4 43 33
49 91 31 68 5 93 95 43 22 75 84 40 32 11 99 60 48 51 29 19 29 65 82 62 51 11 2 3 47 67 64 0 15 25 92 5 51 84 15 68 84 67 31 94 62 46 42 69 91 42 89 53 6 98 56 64 31 59 59 17 96 7 45 16 85 70 30
21 48 97 64 23 79 56 63 65 48 91 90 5 96 86 6 12 65 83 89 70 17 77 51 58 15 67 97 37 25 85 44 32 73 55 46 65 45 57 9 53 10 35 67 28 97 99 37 12 57 0 25 39 89 74 83 33 1 88 13 15 96 89 94 55 5 71 97
20 32 10 7 13 21 94 62 69 26 93 62 26 26 68 15 21 26 68 17 50 53 17 92 62 1 75 79 69 72 85 59 73 70 3 2 65 31 11 83 42 81 24 62 74 68 60 79 30 54 93 67 98 64 7 23 61 50 32 65 15 75 1 51 64 39 48 23 13
42 11 21 2 0 69 95 18 20 4 50 36 15 68 31 85 8 98 61 34 33 17 7 92 53 70 47 81 25 78 48 46 6 66 37 80 24 6 50 97 13 56 80 13 82 45 71 33 99 81 55 51 91 12 97 96 78 52 7 23 6 27 7 52 89 79 98 77 53 81
0 32 11 3 68 62 71 28 49 96 20 22 21 1 52 27 31 48 42 41 68 12 87 97 42 65 5 15 81 22 51 53 87 25 55 13 51 75 93 49 47 22 96 34 58 17 71 93 53 63 74 55 81 11 56 15 91 80 53 78 85 89 81 50 49 20 92 52 16 80 93
93 83 38 82 28 30 69 26 78 51 10 29 58 19 55 53 13 17 42 78 31 55 83 17 48 40 52 70 22 80 89 32 58 27 32 38 66 38 66 11 43 21 68 39 36 58 41 93 47 91 5 54 87 18 44 93 92 30 77 61 59 78 98 79 26 66 21 28 24 74 48 7
38 91 69 29 91 9 70 70 2 59 65 71 21 79 48 17 68 5 32 42 85 79 67 53 72 47 88 97 36 1 30 41 41 29 34 66 72 9 88 94 72 72 21 45 11 29 38 15 58 47 56 20 46 70 3 56 12 96 25 28 60 20 6 55 98 71 6 50 42 5 4 78 91
73 53 90 90 61 64 9 25 62 69 7 42 48 92 70 70 48 57 77 9 26 83 39 59 37 10 97 2 9 50 1 78 60 21 12 57 6 29 25 9 40 8 32 83 37 64 33 11 47 28 92 38 31 96 6 83 3 73 40 95 91 10 64 69 68 2 58 54 69 56 40 94 52 56
66 11 16 65 1 49 80 12 42 0 69 51 0 31 34 20 18 59 40 84 40 8 49 20 93 38 30 23 85 80 53 82 33 26 29 61 16 78 69 24 98 59 57 74 21 69 44 25 63 76 27 43 35 79 39 82 83 12 8 44 83 32 49 85 17 78 85 53 8 73 33 37 29 6 14
14 96 15 94 43 8 2 65 9 33 19 37 20 6 30 95 88 37 76 31 93 23 36 12 69 82 2 32 77 73 18 5 8 78 55 8 87 83 15 89 13 80 62 37 99 58 93 72 31 8 90 15 15 86 63 37 13 62 85 18 7 96 79 9 58 23 39 63 48 2 68 21 98 46 26 42
18 49 40 79 57 28 69 65 91 58 77 77 57 24 43 63 84 81 68 68 65 51 58 9 59 21 84 9 89 36 78 36 17 45 53 95 94 85 1 52 55 27 43 55 17 95 42 59 27 25 66 94 17 33 84 27 38 38 41 58 15 30 74 31 57 41 41 89 70 66 10 10 53 50 9 71 93
40 96 86 41 42 96 16 53 75 18 42 96 91 44 75 34 19 10 3 42 93 43 72 97 76 65 26 57 46 86 59 88 55 96 4 41 78 72 93 19 59 18 28 10 16 17 61 79 29 67 0 38 58 20 5 51 75 4 12 82 44 63 88 80 60 10 57 19 1 7 2 78 94 10 39 59 3 47
60 42 62 79 3 31 15 92 91 67 27 65 96 72 10 43 53 23 35 2 5 84 33 28 39 65 19 81 9 84 38 7 67 83 59 56 86 5 44 38 99 15 31 51 98 24 94 72 15 75 15 24 28 80 52 21 23 10 64 75 40 56 72 52 38 37 24 13 2 43 70 35 28 17 65 82 14 73 99
75 77 38 37 28 95 69 21 15 83 79 71 8 2 27 37 23 7 26 92 6 63 41 71 47 51 90 87 42 72 84 14 7 5 5 25 3 48 13 97 94 6 65 13 12 73 18 30 72 95 41 97 35 85 16 13 21 55 2 26 20 80 36 46 54 87 12 87 32 80 72 22 13 32 20 34 99 0 12 94
55 0 9 53 96 85 15 84 26 5 38 81 26 83 77 31 33 48 67 6 11 3 68 42 33 95 52 73 74 90 73 81 3 66 96 53 58 89 11 6 38 9 28 34 14 15 76 9 15 83 78 32 8 14 92 93 5 56 61 23 48 69 70 43 89 72 88 28 67 6 10 65 80 50 49 91 83 1 68 45 77
13 97 27 67 51 89 77 86 54 27 69 45 80 87 73 40 67 6 16 53 44 47 40 69 24 68 41 73 37 70 37 47 58 19 7 72 55 1 24 44 82 66 48 41 98 67 6 45 70 50 47 3 96 92 76 45 52 87 24 56 7 45 32 9 5 70 90 88 75 56 5 47 87 58 19 60 81 18 34 96 66 36
86 69 80 29 32 7 26 53 35 8 64 13 71 58 99 96 30 2 9 37 52 90 87 54 21 70 32 36 78 84 11 96 5 32 42 62 40 8 5 21 80 17 98 79 64 74 23 87 69 78 51 44 38 10 18 60 57 48 59 38 69 30 87 30 83 66 0 4 52 88 86 61 9 56 18 2 78 39 21 17 81 36 23
82 94 38 61 98 76 9 98 76 87 66 21 30 69 61 28 11 57 50 56 83 75 64 93 35 37 11 87 91 10 40 75 46 4 43 75 90 54 36 57 53 68 0 51 83 4 19 56 66 61 63 96 80 41 85 49 41 26 59 94 85 22 78 97 20 21 45 73 62 2 79 60 61 9 31 1 23 93 38 74 77 55 31 61
76 85 99 60 96 75 54 84 35 95 47 3 53 72 35 55 47 58 18 39 45 85 7 56 84 31 77 96 40 64 81 48 87 41 86 12 77 7 9 85 57 62 5 51 5 81 78 24 29 48 71 78 16 40 78 52 76 33 5 80 88 90 2 44 13 38 26 67 3 67 76 21 27 15 70 11 54 32 38 24 48 1 23 17 38
63 78 4 9 26 36 17 5 8 69 78 70 96 4 67 43 21 58 74 49 90 13 18 26 42 10 12 4 20 35 36 44 97 27 61 16 79 96 98 54 26 84 33 46 82 39 22 60 16 16 31 18 18 82 91 97 89 27 20 56 11 74 75 97 86 95 42 49 56 75 89 7 73 45 74 29 2 14 87 74 32 86 70 76 68 57
80 10 40 5 87 78 64 68 70 86 10 80 99 72 16 11 49 60 39 40 80 30 54 92 37 30 37 99 3 69 48 7 12 97 28 32 70 69 44 17 17 70 94 30 18 21 57 59 78 55 90 22 96 39 39 18 22 7 76 60 47 39 94 90 87 15 47 75 24 0 91 33 20 17 5 43 84 52 77 43 8 97 46 35 86 26 69
69 65 38 80 37 86 72 69 48 21 87 28 62 58 32 16 60 11 72 95 21 99 21 49 44 2 16 66 47 5 21 11 45 93 38 42 37 91 29 15 8 74 2 95 99 55 18 77 71 47 79 13 16 55 99 12 68 18 87 22 77 85 46 26 31 76 80 16 69 18 38 86 14 85 47 97 71 88 60 20 89 22 40 9 21 8 16 16
53 27 79 10 29 15 70 58 78 77 87 0 24 4 3 63 70 96 6 17 53 80 75 74 97 41 13 21 96 60 82 87 5 37 75 50 57 55 21 59 54 68 99 21 0 57 92 33 21 74 24 19 63 64 3 71 9 25 54 57 45 54 7 46 66 36 71 39 55 40 59 69 83 17 85 64 47 84 97 2 25 75 28 51 6 52 72 30 37
28 2 31 87 4 33 13 27 72 36 28 20 19 28 23 97 27 28 48 1 10 90 28 92 63 51 10 58 31 6 53 55 59 57 29 59 50 13 88 61 69 58 98 91 71 44 18 1 0 20 97 91 98 34 32 45 62 88 51 22 81 96 70 44 51 40 15 81 57 67 26 98 67 47 27 65 29 30 70 37 7 78 27 81 5 31 86 40 9 79
46 43 75 8 97 49 78 6 3 40 73 59 12 80 58 29 61 26 56 36 7 51 32 38 39 95 34 19 13 85 6 89 64 81 89 4 96 17 86 95 47 41 89 37 98 9 95 4 35 9 1 36 61 86 15 74 12 64 18 55 39 92 62 69 84 59 98 58 94 80 65 20 26 87 1 69 0 7 36 19 42 91 95 40 11 62 32 64 42 17 64
60 38 89 37 96 74 6 82 76 50 90 73 1 0 59 42 83 73 89 78 30 37 0 19 58 62 11 12 4 21 81 69 36 83 81 19 57 18 73 34 55 97 51 21 93 66 73 48 34 27 43 9 74 28 36 93 43 66 89 97 37 26 97 52 48 42 79 16 68 49 61 94 72 74 20 92 0 91 61 94 60 72 18 13 22 75 54 95 87 91 85 84
27 88 73 54 88 78 19 73 22 34 98 9 33 15 79 92 82 23 14 77 99 69 68 35 47 99 22 36 82 84 18 17 51 35 57 51 44 48 81 96 26 9 52 72 63 54 58 16 8 54 89 12 12 97 59 1 20 19 2 98 96 30 19 60 12 40 8 42 99 4 49 26 21 27 78 26 65 84 56 91 94 97 45 16 32 74 86 60 85 43 64 21 13
49 66 61 11 18 83 95 91 42 79 40 50 99 1 96 13 65 9 67 34 15 87 24 81 58 97 9 91 39 52 82 81 45 94 9 63 21 13 19 7 98 92 72 33 41 92 41 50 41 33 3 35 72 87 33 40 86 68 94 57 52 16 97 87 34 56 70 60 17 47 2 74 55 91 56 15 81 20 94 35 75 85 55 14 81 8 66 41 6 99 69 63 9 57
9 29 35 14 33 23 91 9 7 2 86 40 82 64 12 61 47 66 21 11 70 81 21 19 88 83 89 19 56 10 66 22 27 61 49 90 15 3 62 78 51 57 7 83 44 82 93 63 38 49 73 73 90 12 52 12 23 52 85 30 65 46 0 45 34 53 16 71 90 93 82 23 89 40 34 8 16 27 20 29 98 38 95 42 82 57 6 38 82 43 12 42 22 22 34
35 51 51 44 0 72 0 40 44 66 63 18 11 8 47 93 67 29 55 97 30 2 23 24 14 41 3 87 30 13 78 8 24 57 72 52 16 15 52 15 52 1 62 13 9 30 21 25 39 35 81 61 45 82 31 61 4 77 66 41 90 16 86 38 43 81 44 85 8 44 82 67 96 11 97 69 80 76 57 15 87 65 76 37 71 90 55 33 4 6 46 76 10 17 75 25
81 94 71 55 49 12 97 84 88 83 28 31 34 5 20 32 0 35 72 86 37 82 11 13 13 27 13 6 42 11 33 84 54 77 1 26 80 70 14 75 91 94 95 46 98 36 37 82 17 16 53 35 37 50 10 32 55 76 73 32 3 25 67 39 61 33 18 54 19 53 40 51 14 99 73 12 8 91 44 47 27 1 35 87 17 42 8 94 84 70 75 18 96 97 53 91 7
19 37 10 76 23 24 16 5 95 60 27 60 29 78 70 86 97 9 21 4 59 78 51 90 33 7 87 89 58 96 35 51 98 32 7 38 42 80 99 59 53 10 0 83 13 75 88 37 93 25 42 30 19 35 40 97 88 53 73 54 76 27 63 82 75 42 61 77 84 7 27 21 98 61 43 83 9 94 80 61 32 77 82 31 23 51 68 50 44 17 94 63 51 98 63 68 30 34
52 54 44 18 4 11 90 59 79 18 80 83 50 18 90 95 48 76 63 71 19 5 64 86 75 92 34 82 8 29 26 93 27 55 26 72 42 28 84 77 45 15 22 26 94 19 1 33 62 55 91 46 74 46 89 82 48 37 39 18 73 32 11 48 48 38 25 54 66 45 44 27 94 58 15 32 85 41 63 56 58 34 88 37 15 4 74 19 52 35 17 51 22 10 11 97 81 34 55
66 99 26 92 69 91 87 83 89 86 76 20 44 29 92 76 35 76 88 36 31 16 45 40 68 0 18 31 61 87 87 51 79 5 22 53 11 83 83 98 83 5 67 81 65 55 17 52 49 73 62 79 96 16 39 92 93 93 93 41 32 93 25 73 10 24 10 89 61 37 4 76 85 62 31 25 87 91 17 45 2 52 21 6 27 96 53 65 19 19 59 93 6 25 36 97 98 13 89 84