# seed: 786873970
87
66 58
26 93 81
45 15 61 37
88 99 39 4 73
46 79 10 74 89 44
87 60 61 31 89 0 27
43 69 77 38 63 48 43 84
56 96 61 90 45 54 3 88 82
35 26 98 72 21 36 65 26 20 17
1 77 65 41 20 78 13 53 84 18 5
16 67 67 5 78 12 73 58 42 53 45 60
2 88 5 61 37 43 58 82 78 17 52 88 72
34 99 10 97 3 55 85 61 28 61 16 83 71 21
35 35 51 92 36 58 61 3 43 83 42 23 31 21 21
89 68 35 28 46 67 4 43 91 68 14 85 30 81 60 17
40 45 49 85 44 83 49 9 66 1 32 78 42 96 18 61 28
67 97 71 99 40 54 16 26 59 43 38 30 39 34 40 12 10 67
43 76 33 72 32 14 17 38 35 61 80 22 85 85 48 77 46 15 59
16 62 36 4 40 10 46 78 33 21 27 56 3 38 4 17 14 10 83 5
67 83 54 48 60 72 39 23 17 6 21 50 10 9 4 89 41 65 45 68 84
80 14 65 48 41 77 64 21 74 0 11 78 39 4 44 1 56 11 68 40 61 53
58 63 52 23 65 98 28 80 99 4 37 40 83 41 21 34 45 9 14 18 82 66 53
48 83 36 39 13 84 66 62 47 22 68 61 45 48 83 30 57 3 92 72 30 41 92 21
71 14 19 28 89 42 73 80 9 86 38 47 53 65 18 86 44 31 88 98 42 51 16 55 54
89 72 53 33 31 68 33 48 44 87 2 17 44 54 61 83 80 67 42 50 17 74 56 31 73 20
1 18 84 81 44 19 41 22 68 59 94 73 42 78 86 76 38 37 26 72 23 14 51 66 65 94 43
61 5 56 7 27 36 92 0 99 52 38 91 0 56 84 12 11 35 8 86 22 61 3 42 93 50 71 45
59 36 95 19 51 96 80 50 18 32 65 48 52 36 69 54 86 11 58 67 78 77 6 1 34 31 41 50 4
99 21 82 23 87 6 29 96 69 90 57 72 1 9 59 5 7 27 35 37 67 31 45 38 39 8 66 16 13 40
72 85 30 52 35 26 50 18 66 72 81 10 46 6 11 60 77 43 98 28 10 20 82 40 72 83 14 95 50 35 20
91 8 20 77 41 88 79 85 89 16 91 23 73 39 59 6 18 38 32 91 5 6 84 30 17 79 73 28 74 81 64 75
64 80 32 90 66 81 15 0 81 61 41 80 89 20 4 38 94 59 73 77 9 28 4 40 86 55 72 12 82 99 30 61 73
33 79 13 69 81 69 18 39 44 98 67 24 3 73 95 29 14 15 62 4 71 53 20 54 74 92 59 97 79 22 66 11 44 20
33 18 37 94 53 87 17 94 64 22 45 17 20 55 37 96 10 87 81 71 98 94 34 93 40 73 25 67 21 94 63 27 58 3 69
81 43 52 0 81 64 89 57 40 99 27 11 86 89 40 63 85 70 46 85 15 4 45 11 54 4 73 8 48 97 2 24 3 25 16 25
35 46 75 37 47 30 43 51 59 84 85 68 92 40 78 89 62 93 82 7 34 65 41 14 87 77 26 27 75 20 25 37 8 23 19 50 22
71 37 20 49 38 98 90 39 47 21 25 26 86 23 18 76 13 58 34 93 27 60 9 78 26 8 66 77 98 26 40 80 0 74 15 83 44 77
42 14 69 49 50 76 12 72 71 19 57 60 50 24 74 67 59 4 52 84 46 36 83 78 70 38 62 42 73 20 17 36 87 42 1 84 30 46 38
61 47 72 19 67 59 9 18 23 69 16 10 19 8 38 19 69 81 19 49 16 79 58 26 90 7 27 42 15 26 97 25 27 14 27 8 26 30 4 96
8 43 34 24 99 0 76 21 62 40 16 85 66 68 68 42 60 7 56 21 21 87 66 16 1 59 75 68 71 38 17 7 39 4 23 65 81 26 16 14 90
20 92 6 26 92 49 1 81 78 62 58 12 92 99 39 19 75 8 62 92 71 44 36 59 20 10 7 9 3 15 9 68 89 48 8 21 23 27 48 33 42 88
6 82 29 53 39 53 34 43 4 77 53 34 98 56 65 65 89 27 93 58 47 96 95 15 66 50 29 9 74 16 96 47 63 72 42 17 15 44 27 8 21 88 12
41 5 2 61 97 22 42 54 51 99 82 89 22 98 71 34 79 40 39 91 99 94 54 87 61 20 15 39 26 60 79 41 30 22 62 45 28 36 35 21 60 41 59 84
32 78 46 91 13 1 76 16 27 2 67 41 79 77 30 81 26 39 3 98 94 4 31 32 66 25 74 30 39 61 94 43 54 96 44 98 26 21 22 63 75 13 72 66 53
78 54 71 11 56 84 41 43 48 41 87 58 34 27 13 62 9 79 75 88 34 1 41 44 21 10 43 80 10 18 56 69 4 34 3 29 88 50 17 11 33 77 46 61 95 25
62 47 30 99 92 29 25 28 47 50 24 54 1 17 84 70 10 41 58 38 41 66 28 1 22 52 99 94 48 30 56 30 50 20 30 8 65 1 29 83 36 56 95 13 1 39 89
3 36 39 37 78 34 87 86 72 16 47 35 24 86 62 45 88 99 87 28 28 27 69 42 4 93 66 17 67 34 46 47 8 6 90 8 15 46 11 79 40 24 69 60 75 80 24 2
4 3 82 97 71 46 17 28 84 0 36 11 52 93 17 20 0 25 53 27 28 37 68 58 37 68 57 75 0 89 85 79 49 21 88 36 91 85 52 79 19 87 50 43 45 14 97 34 8
39 66 15 45 30 86 57 26 6 34 59 78 14 24 3 81 49 72 26 22 73 42 47 92 60 84 92 73 36 93 66 12 46 12 19 47 46 90 11 17 45 94 16 29 55 50 76 50 59 48
34 28 26 1 8 44 1 27 23 21 32 65 24 99 53 82 28 21 20 51 24 72 57 43 39 98 79 99 24 69 12 55 28 99 91 86 45 15 57 5 42 7 58 87 8 35 8 78 85 3 86
2 71 12 74 79 15 95 87 26 37 77 90 53 57 17 97 75 64 21 49 59 61 1 57 28 45 34 83 71 6 21 81 19 93 64 76 9 37 42 3 95 1 60 95 46 88 97 68 64 83 22 59
17 23 87 54 55 25 17 10 29 24 52 92 53 19 46 32 45 80 59 38 11 33 0 86 29 5 63 99 89 91 49 93 23 64 87 53 53 47 55 50 88 62 3 61 88 43 12 56 62 65 32 53 86
9 58 59 88 17 48 95 64 92 95 85 66 61 43 5 37 58 94 73 4 73 6 61 45 18 71 78 18 91 59 24 7 25 34 30 94 76 23 68 72 27 0 49 16 33 18 47 45 32 84 13 29 0 82
19 4 20 67 85 44 62 20 70 90 73 76 16 43 57 12 49 75 6 0 52 2 68 40 11 45 59 74 13 83 28 54 40 36 9 88 73 88 27 53 40 33 41 55 43 95 96 71 15 17 29 35 62 5 7
78 40 94 48 20 41 98 23 98 64 6 77 89 10 78 61 20 81 97 76 73 89 50 49 53 18 79 94 4 76 31 62 47 87 11 28 98 5 6 88 2 55 61 28 79 25 14 16 32 55 4 24 88 25 24 85
5 37 72 44 40 84 18 23 59 71 37 57 47 38 47 48 31 44 18 57 38 8 44 61 9 55 2 32 72 39 29 76 87 85 5 35 27 88 8 68 99 13 68 48 52 82 25 46 68 27 68 18 42 57 28 92 96
48 38 79 91 47 82 9 76 82 54 94 80 31 7 45 89 73 31 88 13 87 32 87 25 6 32 5 18 79 10 19 72 92 69 66 51 37 25 96 35 83 94 74 37 13 13 17 40 71 70 83 2 16 64 9 2 23 1
68 8 62 6 4 49 36 11 42 85 78 23 61 28 29 62 76 44 82 24 84 25 62 38 36 10 5 17 91 84 19 4 69 54 46 48 47 87 7 86 25 9 16 32 13 3 99 81 2 66 6 78 7 13 3 39 54 79 46
24 62 38 1 72 61 53 92 48 67 35 75 69 68 95 9 40 8 49 82 23 77 79 14 5 61 5 5 28 99 23 11 55 5 32 6 78 88 92 14 34 72 88 89 50 75 83 28 16 41 1 6 34 9 42 68 28 43 81 29
70 1 87 93 75 65 67 26 22 34 29 98 34 87 67 12 73 58 56 33 90 32 39 31 87 2 65 22 62 60 15 91 92 82 42 54 69 89 74 48 99 39 14 99 36 23 78 18 47 84 3 12 55 86 8 48 57 80 26 95 33
20 37 39 3 28 70 48 51 93 41 97 1 91 12 41 61 29 39 28 96 75 40 58 44 50 79 58 81 51 66 27 60 0 66 32 10 28 85 62 62 90 29 29 9 70 63 60 95 8 69 89 15 2 74 37 95 44 60 84 62 71 64
18 35 27 46 67 46 58 44 68 99 55 28 47 19 51 98 60 91 32 73 98 16 12 83 67 42 93 79 27 89 75 94 80 21 74 90 95 42 42 87 87 20 93 20 16 50 84 27 5 82 18 65 7 53 14 17 83 19 16 93 7 41 37
58 90 20 20 40 77 71 92 81 97 99 59 1 28 99 31 88 0 6 93 11 59 7 9 33 45 32 42 25 32 88 95 17 91 27 89 87 37 29 88 36 76 94 21 33 98 69 10 42 4 4 42 83 95 0 99 6 5 11 18 95 17 58 26
83 42 10 90 32 6 27 85 70 70 55 12 50 91 96 15 48 57 77 64 91 7 12 9 6 63 22 37 47 86 88 15 55 97 9 86 93 61 97 1 0 57 80 55 35 66 2 91 96 63 95 91 53 7 26 47 3 12 67 22 42 5 14 32 39
96 20 18 29 14 92 90 33 80 75 7 61 5 36 22 72 90 0 0 8 86 39 5 54 90 68 77 95 56 95 14 77 37 7 5 60 72 92 98 87 76 79 67 50 93 9 92 73 54 38 86 25 0 82 59 63 35 75 43 67 4 95 73 94 41 26
63 75 64 20 55 52 87 87 35 44 53 3 41 75 32 91 90 62 95 20 9 54 54 94 15 20 84 43 96 45 81 49 73 52 10 8 74 89 99 97 8 51 35 74 61 66 31 33 15 85 89 13 78 38 35 12 65 60 1 19 9 60 32 92 90 45 53
74 83 14 18 52 25 41 32 43 24 65 79 42 26 53 22 36 32 92 10 93 86 94 87 62 59 57 22 87 51 34 82 43 82 74 86 87 67 72 28 17 9 93 76 97 29 35 44 41 17 20 4 84 41 83 65 13 45 9 87 66 99 10 49 37 75 11 62
52 5 79 14 97 54 26 74 45 63 98 73 49 75 34 91 43 15 58 0 95 5 64 59 90 43 4 25 56 54 3 66 70 35 71 31 27 53 52 37 48 89 2 5 51 68 62 89 1 91 79 76 25 37 22 50 81 6 99 55 23 47 59 27 25 22 2 82 70
55 62 73 21 58 99 21 44 33 83 57 18 26 54 64 90 42 74 85 8 20 12 99 39 61 43 83 41 37 58 32 38 17 54 63 95 39 66 65 0 94 42 75 2 43 12 33 43 53 89 31 23 6 41 76 20 46 82 16 78 45 2 13 84 37 98 66 12 54 42
13 94 63 23 99 85 26 19 39 35 76 11 51 47 55 57 39 12 52 17 0 84 81 43 24 96 92 90 94 39 66 11 60 67 32 18 26 47 40 66 57 63 64 20 84 62 87 64 55 62 9 44 65 55 90 16 35 29 38 0 43 0 8 38 51 78 65 2 34 36 40
86 4 43 73 35 95 53 67 31 66 68 99 39 66 99 51 85 35 8 75 62 41 31 51 33 26 48 41 12 49 72 15 97 27 93 78 82 17 97 6 1 62 10 43 66 96 16 56 94 87 84 30 14 57 20 80 90 68 60 74 4 30 63 64 38 64 84 37 75 15 60 41
98 67 29 97 80 41 30 86 64 25 22 49 66 93 3 61 1 58 83 90 90 13 49 67 53 57 98 57 83 11 52 83 11 6 53 57 74 11 81 28 70 54 57 99 90 67 88 93 72 31 48 7 54 58 66 29 99 18 71 1 77 71 55 85 62 79 85 99 92 0 73 54 64
97 70 91 32 74 63 26 45 96 16 35 27 29 70 17 18 44 21 75 19 38 51 58 18 54 41 19 54 86 86 81 47 99 16 18 66 62 60 8 8 53 86 43 10 71 97 32 65 39 65 17 63 4 98 30 64 90 10 32 96 24 88 96 57 16 16 41 57 75 87 87 51 70 3
68 47 46 32 61 93 47 57 0 6 13 50 50 53 60 84 20 69 46 60 12 92 23 57 6 9 45 24 48 28 62 42 44 6 8 5 72 64 63 57 72 56 38 54 17 34 55 82 1 66 81 72 84 16 45 64 70 58 77 87 23 10 38 0 76 34 68 49 38 61 88 52 1 44 37
65 36 23 12 1 97 31 19 89 69 59 74 69 81 63 70 88 94 33 37 77 95 4 58 40 3 56 53 31 71 55 84 49 14 6 79 32 2 63 46 47 86 23 89 95 83 77 27 40 12 98 24 40 71 28 58 55 21 65 56 1 86 58 26 97 51 73 92 40 73 8 37 27 11 51 27
14 76 84 6 45 98 64 7 49 67 30 93 36 50 77 10 63 14 90 75 80 84 95 86 24 26 36 96 7 97 16 4 95 55 16 18 72 26 47 34 45 74 70 89 45 6 75 98 68 83 58 23 80 36 76 41 61 13 56 23 45 7 17 27 30 38 57 52 77 92 47 16 20 26 31 84 80
84 68 6 97 96 81 83 84 68 45 39 34 58 72 18 39 82 62 73 58 72 58 98 13 82 97 97 89 9 78 73 6 24 54 87 61 15 50 5 24 51 80 46 76 33 15 70 95 17 39 38 24 8 44 18 18 27 40 83 81 17 95 44 72 11 27 28 81 30 98 35 28 93 76 99 11 62 83
25 91 80 76 81 7 79 43 79 13 8 4 76 67 12 54 33 28 12 95 90 29 46 61 76 4 59 70 29 58 73 54 41 53 80 2 7 60 42 39 68 15 19 42 5 75 7 95 48 32 31 80 37 12 60 62 52 4 20 48 41 81 97 81 81 7 76 32 19 10 43 47 60 62 4 97 29 51 66
45 14 63 41 56 60 58 38 87 83 8 65 81 11 53 96 95 81 3 57 15 47 22 31 93 88 64 1 77 85 8 33 5 45 64 45 50 28 48 53 30 45 92 25 49 54 70 28 34 53 87 78 98 41 71 50 35 65 39 1 74 93 29 72 19 23 53 24 90 33 98 17 84 3 64 20 97 23 67 82
48 33 97 47 49 17 74 80 29 32 57 45 77 12 44 78 50 19 53 33 57 67 31 54 4 23 36 27 79 42 48 63 66 6 44 57 20 84 86 61 81 99 53 95 37 19 21 9 60 65 83 13 42 41 28 55 0 71 64 41 37 50 6 41 36 95 24 11 83 90 56 56 9 28 38 91 78 70 81 92 83
17 97 51 9 31 76 38 14 66 24 91 55 28 21 1 50 76 20 10 87 3 47 55 30 6 10 72 53 84 15 90 8 16 14 23 51 35 15 14 35 96 56 32 68 16 80 47 15 89 86 61 71 54 12 56 12 57 27 46 96 78 40 92 51 92 82 22 18 71 55 94 83 65 44 36 27 85 44 82 60 50 97
68 48 64 83 57 95 94 51 70 73 4 0 83 83 27 17 19 76 23 53 3 42 18 5 28 31 44 76 20 29 95 5 96 56 44 19 16 31 63 49 35 36 41 54 61 14 96 94 11 89 17 76 54 95 5 37 8 57 33 5 20 10 8 18 88 29 59 76 2 99 74 21 85 11 10 66 51 58 19 87 4 31 23
85 97 79 44 1 58 67 27 30 77 54 22 12 85 19 37 23 3 76 74 78 25 44 6 29 65 76 0 3 93 40 69 43 53 86 94 25 64 8 71 92 69 30 76 75 86 92 74 84 91 94 11 90 54 91 43 31 99 91 24 50 44 27 17 36 14 72 79 94 98 28 60 31 54 22 30 83 20 62 97 66 10 96 81
0 61 50 86 67 37 81 25 68 53 77 88 92 80 24 67 98 19 4 64 65 33 62 92 68 98 84 70 90 72 84 32 0 29 99 10 50 34 92 89 45 12 29 29 44 63 40 38 87 3 75 36 17 70 42 46 54 68 38 95 35 65 8 84 78 47 29 97 47 64 25 67 37 78 83 54 44 14 46 81 11 11 37 95 49
13 29 45 45 39 1 34 34 81 5 62 58 2 12 48 23 37 16 59 12 3 31 20 27 95 42 58 87 58 51 99 97 30 4 15 77 14 60 88 54 51 35 49 40 14 37 3 73 95 64 69 74 30 17 23 65 52 94 59 44 65 51 73 70 89 99 6 14 1 71 84 52 49 89 97 12 36 19 1 86 56 59 93 0 3 86
74 87 83 29 27 29 67 76 69 36 14 66 73 72 65 95 51 31 97 73 70 70 39 34 27 77 5 59 15 96 18 93 74 81 18 38 54 73 36 87 74 38 85 81 40 35 25 99 45 72 8 9 20 10 24 70 68 31 91 81 28 23 13 7 18 50 38 46 77 46 29 29 69 89 49 43 91 44 42 11 37 6 15 50 63 72 70
0 29 56 32 64 75 9 37 82 40 71 12 80 14 66 1 71 57 92 84 57 18 17 23 15 80 78 80 67 48 12 97 35 50 78 17 18 20 55 64 16 45 99 62 34 79 19 68 25 23 8 80 11 18 15 1 36 94 32 64 10 49 79 78 36 35 80 53 37 79 83 77 29 20 62 1 58 70 20 19 5 91 72 19 65 57 34 35
4 86 95 7 29 68 15 4 65 23 72 2 42 24 98 5 23 99 30 52 97 73 80 66 21 16 21 63 74 41 23 37 86 33 95 72 61 16 49 55 92 34 14 11 57 75 13 79 76 95 40 93 79 31 77 16 68 39 30 53 99 49 96 64 23 51 13 13 14 25 93 40 36 10 32 95 86 81 10 91 7 31 23 71 20 36 26 21 14
60 48 65 48 65 23 47 97 75 69 77 23 84 52 99 14 1 63 12 56 1 54 18 13 57 73 97 79 53 99 93 76 19 82 11 13 78 98 71 99 30 98 63 21 67 52 63 80 32 65 72 32 99 46 51 8 50 18 73 74 72 4 69 28 71 53 27 94 90 3 3 77 56 17 5 1 44 30 24 76 2 94 65 66 99 24 43 62 53 43
25 99 43 52 9 85 0 40 72 58 79 92 23 40 28 5 45 49 5 39 42 54 52 93 97 66 25 10 53 90 56 51 99 3 25 97 4 32 76 44 92 30 19 71 40 71 83 59 48 61 92 17 74 16 90 19 69 83 9 6 74 57 0 43 29 69 66 54 6 91 1 93 30 94 20 42 69 38 88 46 59 23 52 22 92 96 3 47 97 90 60
22 89 14 28 19 40 6 30 87 19 57 12 2 93 46 13 51 99 25 21 15 80 37 46 76 19 41 52 46 25 72 72 25 70 65 81 50 76 99 21 36 56 30 12 11 2 69 51 56 13 17 20 37 68 8 92 29 7 24 53 15 45 46 91 98 66 10 15 36 45 97 60 61 69 83 98 45 54 76 16 31 47 29 25 85 34 68 51 35 77 27 17
87 44 59 0 83 60 70 5 79 7 43 17 18 89 2 98 0 35 99 46 7 14 61 41 94 16 20 48 44 12 8 9 57 64 57 91 83 76 84 56 20 9 68 50 4 32 33 67 31 6 6 95 88 49 14 4 65 9 78 30 6 48 66 85 22 84 78 40 50 23 88 24 77 93 23 34 41 83 36 66 91 27 21 81 57 37 27 94 49 9 92 81 83
78 50 16 38 79 80 20 67 57 22 0 78 66 9 9 78 33 94 59 67 58 59 31 64 49 20 70 67 75 59 57 46 5 79 99 44 86 23 21 80 0 71 53 78 67 6 63 19 86 46 97 48 99 41 17 96 69 61 17 75 44 63 74 58 98 85 26 60 98 13 53 36 78 14 95 62 41 61 85 88 91 71 81 65 45 31 88 21 74 3 78 48 89 55
81 97 4 36 60 43 81 72 59 83 7 35 37 49 5 0 5 1 79 70 70 59 6 29 74 87 55 77 62 18 32 84 69 74 20 21 22 69 48 81 59 61 42 79 36 40 73 61 93 91 23 85 26 85 21 50 81 30 45 95 65 99 42 74 81 77 52 59 72 73 11 64 61 98 3 5 76 74 26 73 72 88 66 3 23 52 81 32 59 34 87 97 75 16 87
29 7 26 51 86 13 67 62 17 94 34 83 69 80 20 44 60 54 81 9 72 9 71 75 89 18 7 2 80 47 67 95 57 10 88 34 55 26 21 53 99 64 57 41 64 25 34 63 69 19 75 71 1 13 59 68 89 69 5 9 15 10 36 30 13 7 65 24 72 90 48 55 64 69 23 94 72 67 43 23 97 51 32 68 33 99 8 62 50 45 32 36 71 35 10 92
6 80 88 22 39 31 38 58 46 64 84 17 63 41 3 23 85 23 46 49 56 47 77 38 30 20 68 84 6 43 74 12 36 79 77 14 24 94 27 40 93 57 88 62 41 8 83 21 94 42 43 5 63 44 38 36 51 0 97 92 78 70 39 80 31 70 24 11 5 10 94 67 7 72 15 30 56 15 63 40 27 31 89 0 64 63 28 56 59 99 95 32 11 75 26 22 27
15 21 90 48 33 92 61 26 89 5 8 14 84 70 15 10 40 66 7 82 27 47 5 34 3 18 33 91 55 6 48 47 1 28 6 73 64 73 71 59 84 90 65 34 88 24 11 21 73 68 70 22 86 66 13 30 15 70 14 72 50 52 8 12 44 77 48 30 42 83 45 74 86 14 52 21 10 18 69 98 56 33 19 85 5 98 43 81 31 95 56 89 59 16 67 58 9 68
99 73 93 1 87 87 46 98 29 29 4 12 71 21 26 3 81 24 87 62 22 48 12 66 86 2 43 32 93 85 86 62 43 21 74 5 65 41 84 64 29 88 11 61 38 88 0 49 65 7 98 50 68 43 68 45 89 40 86 39 6 20 93 33 53 22 32 35 59 54 4 81 56 29 59 10 6 57 61 30 5 92 19 68 79 38 1 33 80 34 3 91 82 96 85 6 48 69 69
20 57 88 86 34 24 61 99 62 67 33 44 88 89 29 9 9 28 76 14 51 27 32 99 52 97 49 26 97 77 97 50 4 51 60 46 9 71 3 24 26 48 76 75 50 27 89 93 48 23 6 59 1 67 18 18 39 51 99 40 50 3 46 34 10 12 53 61 7 69 27 33 29 63 50 6 24 17 32 75 27 56 64 68 13 59 9 59 28 75 22 63 30 82 64 54 10 78 29 78