# seed: -1147618422
50
5 55
17 1 16
17 72 16 62
95 58 70 90 62
22 37 46 89 87 45
48 99 72 58 15 69 73
18 25 93 70 77 89 98 78
71 32 39 13 21 21 46 54 52
91 97 25 23 0 99 65 69 3 49
82 6 58 61 49 3 87 9 9 60 25
41 74 14 87 19 73 42 53 44 32 53 51
51 36 19 24 61 17 35 27 71 57 73 52 37
61 91 2 70 61 22 45 62 95 41 77 24 4 76
98 59 83 14 14 67 91 1 81 66 60 35 72 1 93
23 34 25 97 22 75 67 19 77 34 8 97 64 98 99 94
63 65 29 92 37 54 58 77 89 65 65 21 50 33 74 6 84
34 85 87 57 54 28 16 35 70 18 70 23 93 75 19 58 33 96
54 17 13 95 20 98 91 36 68 87 99 39 19 23 10 25 10 95 58
75 42 96 63 50 41 10 79 53 26 19 78 58 81 78 11 23 79 41 96
34 62 10 62 3 98 37 65 62 7 49 12 25 22 90 20 67 79 90 47 57
69 72 0 25 34 52 94 77 21 82 62 3 7 79 49 87 90 59 91 70 72 69
67 12 0 19 41 73 90 50 83 17 62 82 31 51 81 16 32 42 11 33 3 18 13
51 69 14 54 94 52 54 61 1 61 4 35 92 6 76 70 95 20 56 95 5 43 27 84
57 53 50 34 62 5 97 74 9 50 33 7 49 69 62 89 73 36 72 45 45 43 31 50 91
61 48 18 0 33 77 73 56 51 68 0 44 30 19 6 70 11 31 66 82 12 94 44 23 28 29
61 42 81 24 38 36 24 66 20 20 63 92 40 47 63 45 22 64 5 80 88 32 33 13 21 34 47
31 19 57 23 46 2 19 78 38 63 90 62 73 61 9 75 46 12 48 4 20 20 70 87 8 20 41 4
66 1 5 77 39 41 94 82 12 30 71 0 29 68 63 14 33 66 79 16 14 13 15 56 5 22 22 66 63
95 76 7 27 98 87 42 55 6 42 88 59 91 63 66 85 85 93 21 87 72 98 70 64 96 54 52 93 52 55
87 33 64 38 87 55 20 12 18 48 27 66 51 22 42 95 40 54 91 67 79 27 74 5 77 8 56 83 84 64 93
74 3 78 92 37 72 87 79 43 26 52 56 29 44 81 47 86 94 20 17 61 40 88 39 85 90 66 73 89 51 65 3
15 29 26 34 35 61 59 90 85 76 89 19 27 95 85 78 70 69 55 4 12 31 11 63 74 19 42 36 24 26 77 56 86
85 41 62 4 15 66 71 38 94 41 71 13 59 94 67 49 63 47 7 83 0 47 85 68 74 80 93 13 64 67 70 91 51 27
21 46 70 24 84 78 14 42 57 85 45 19 22 16 50 81 95 10 73 89 11 67 90 12 78 43 83 84 19 17 51 24 18 39 53
22 83 16 54 50 7 33 76 72 51 43 33 27 59 62 12 4 3 26 95 38 78 14 72 7 56 97 46 60 50 50 21 96 70 37 26
35 84 53 53 14 86 9 88 34 91 61 14 41 86 82 73 10 58 22 2 17 74 11 62 44 12 32 97 69 90 37 52 7 49 7 0 73
74 31 87 94 8 73 66 80 5 91 52 80 48 8 35 38 3 99 33 94 4 3 34 70 32 12 49 12 49 5 13 88 13 65 3 95 61 66
49 56 66 1 49 76 19 27 44 85 68 4 14 79 3 97 80 74 86 13 86 69 21 94 91 48 57 7 98 98 10 18 95 89 22 23 47 70 76
99 88 42 76 39 9 92 41 2 3 22 89 98 18 1 60 47 23 40 76 69 6 61 84 27 71 36 85 90 13 30 2 73 40 54 65 32 46 71 48
4 38 5 36 93 64 90 94 23 12 1 64 58 30 85 91 97 54 81 86 62 9 81 42 12 84 25 26 43 34 29 50 5 94 80 85 71 43 59 8 34
87 78 10 32 42 47 81 54 60 7 27 87 26 65 23 60 84 6 38 8 35 59 87 4 62 6 3 15 44 28 33 68 64 32 90 93 58 13 1 48 60 74
11 29 97 43 41 22 7 25 47 6 59 91 30 77 51 48 37 63 80 52 58 22 58 62 36 29 98 45 52 34 67 3 9 71 52 36 33 16 6 55 71 58 85
67 63 25 65 69 65 29 60 81 10 2 62 69 92 86 70 69 92 48 96 22 35 90 97 46 30 60 44 84 20 92 97 13 79 43 20 30 53 18 98 46 89 19 56
93 5 14 67 55 89 43 49 34 35 34 23 86 33 6 42 19 56 84 39 15 85 39 95 26 71 14 88 27 92 6 24 28 97 34 4 45 13 26 72 28 34 47 2 69
17 76 68 33 40 34 59 87 53 50 14 38 49 88 17 44 14 97 89 81 15 6 81 61 91 25 1 67 9 20 22 17 34 96 93 13 32 61 98 75 12 71 83 10 92 22
53 77 20 91 31 34 58 18 2 89 44 24 6 76 98 70 75 48 65 61 90 88 80 62 19 33 17 86 32 49 40 22 5 58 85 72 0 16 67 77 47 99 90 4 84 6 70
21 65 36 70 35 55 53 12 25 49 55 53 91 86 60 37 41 15 47 77 80 10 90 47 85 52 58 21 0 14 82 52 17 73 39 63 91 15 53 55 29 6 44 35 87 32 78 43
75 81 76 97 48 5 60 64 40 62 1 4 88 86 99 70 46 1 43 70 60 63 19 31 8 69 87 76 9 3 59 94 91 53 81 93 7 91 35 11 90 15 30 3 65 61 42 15 87
19 62 59 70 23 0 3 8 55 18 7 25 31 60 81 82 49 98 75 74 22 43 96 81 21 32 26 21 3 51 99 33 78 59 97 86 46 32 62 90 30 32 72 75 47 73 58 68 72 99
25 31 26 43 19 55 19 51 54 3 27 61 57 12 98 77 52 47 93 98 73 50 80 33 64 76 8 53 15 49 75 41 87 44 85 20 44 38 5 75 63 8 38 44 70 52 64 46 57 89 36
94 37 11 15 45 42 11 30 1 50 81 72 2 8 53 33 89 78 71 76 15 8 38 31 25 11 44 22 73 7 40 6 9 84 3 81 3 91 96 28 44 85 87 29 91 64 48 86 3 11 65 14
25 49 76 19 84 30 46 34 46 42 81 56 39 79 0 9 53 98 84 71 51 85 44 16 32 92 99 69 77 6 99 5 28 15 70 34 4 24 20 39 96 59 79 61 95 42 47 11 26 47 22 11 74
94 72 7 82 39 41 78 44 50 16 84 12 41 36 55 93 17 39 29 33 85 54 7 2 53 7 88 42 63 14 47 7 44 11 85 11 77 74 9 96 24 41 19 73 71 31 20 4 89 14 64 28 61 47
92 43 64 86 50 21 17 0 84 25 39 81 94 80 91 15 41 87 57 98 90 67 34 34 34 81 44 23 60 81 18 88 24 42 82 18 79 71 49 65 21 82 27 81 67 26 76 19 51 56 55 6 21 38 53
94 32 43 14 36 85 40 69 51 48 49 29 4 90 96 96 24 36 58 23 8 6 35 57 2 47 25 79 27 88 66 65 57 4 15 42 82 36 85 97 72 92 41 11 52 83 24 86 37 87 58 1 58 33 89 17
81 60 26 41 79 68 19 73 89 39 76 82 13 8 32 98 97 56 57 22 45 46 12 74 1 82 90 52 70 75 86 5 14 11 76 37 7 4 74 58 29 0 59 52 52 53 1 41 36 75 38 0 49 3 50 68 79
6 69 27 42 12 0 92 3 47 3 62 39 39 73 35 50 24 87 2 0 79 36 1 20 18 79 62 30 63 71 93 39 51 99 19 72 72 41 14 20 85 26 58 62 88 13 4 95 47 29 2 25 38 5 38 38 56 66
16 5 48 43 68 45 81 18 37 49 31 79 20 63 45 54 92 62 32 26 6 60 44 9 89 51 14 56 89 93 86 55 75 65 96 66 1 6 23 23 39 9 21 57 81 10 75 18 67 29 76 32 72 21 60 98 79 82 76
93 2 81 96 7 0 24 30 57 45 9 18 72 74 35 23 10 34 92 14 27 73 67 1 76 62 55 43 84 36 41 2 56 83 38 6 93 30 40 50 34 51 38 33 49 6 21 88 92 22 14 15 68 0 30 81 52 25 81 28
32 72 22 18 26 99 73 47 6 92 26 44 6 96 66 78 17 55 93 36 90 17 95 85 66 9 45 22 61 77 15 72 42 31 67 47 33 71 0 56 66 14 6 29 86 63 72 46 77 84 80 75 63 48 67 1 44 16 35 31 56
57 9 31 21 21 64 81 98 37 66 76 4 51 84 95 64 36 36 12 72 83 97 61 53 6 30 87 95 17 21 72 91 45 80 92 57 33 55 1 13 69 84 60 13 73 51 48 30 52 26 34 43 63 94 78 79 52 13 54 98 40 55
17 60 73 71 56 27 89 18 41 7 21 96 72 12 26 4 47 30 14 95 85 74 87 77 35 97 9 58 79 54 89 8 55 97 90 18 67 43 87 70 35 14 64 57 11 21 63 51 72 78 67 66 20 52 69 39 67 59 1 0 74 14 4
81 68 84 8 46 36 64 33 91 1 8 3 39 82 30 49 80 27 4 34 43 40 57 55 40 81 21 33 12 98 63 69 11 10 71 69 18 80 31 13 5 85 7 52 11 13 48 30 70 92 54 52 55 33 74 30 39 11 99 4 56 69 73 95
7 84 92 36 58 38 51 48 95 14 88 71 35 43 1 67 55 56 86 36 68 46 23 98 58 77 89 27 55 56 35 88 88 62 57 58 30 16 97 94 23 17 64 47 90 61 29 64 89 81 62 90 40 24 15 79 59 33 23 77 53 90 25 94 41
68 36 53 99 36 68 23 83 20 69 84 65 99 56 77 0 17 20 91 35 87 42 61 31 40 93 34 18 73 52 26 33 59 64 21 92 94 9 3 8 36 85 98 74 72 28 29 78 59 70 58 87 3 73 40 69 15 59 79 11 37 80 40 97 37 80
21 29 63 95 50 13 46 43 15 96 49 20 70 5 59 15 15 74 31 92 16 39 9 77 59 11 96 24 16 69 44 74 29 31 31 79 96 39 21 70 24 31 46 58 74 55 74 15 91 84 75 38 96 63 18 71 67 99 72 49 42 44 91 65 17 25 14
37 56 79 73 40 75 39 2 6 95 74 10 65 86 99 1 96 42 86 58 93 94 13 1 74 22 48 66 29 2 27 43 92 28 19 70 84 55 33 2 73 43 26 81 51 50 9 3 33 68 92 77 15 97 95 92 16 72 15 89 46 64 45 79 36 42 91 56
17 33 68 94 43 36 89 85 60 74 17 61 78 92 73 99 94 18 9 57 70 84 26 32 79 2 32 85 26 75 65 52 41 44 77 29 55 16 73 4 32 31 99 21 70 44 12 33 48 0 17 20 5 42 24 96 50 96 19 6 26 40 79 13 35 0 2 56 29
88 91 29 11 95 20 73 26 5 62 74 50 88 65 32 52 57 79 39 30 3 58 34 63 63 70 86 95 78 25 99 78 28 71 44 37 45 99 61 33 31 95 57 92 69 72 54 68 38 13 31 83 62 34 29 13 17 2 73 56 42 98 73 58 64 21 58 90 14 28
95 24 38 91 32 39 64 34 30 24 94 7 99 69 1 33 42 26 18 71 61 4 74 7 31 76 11 44 61 70 5 3 12 6 74 49 15 37 51 96 35 37 15 45 43 56 77 42 37 63 22 28 51 26 76 54 28 77 3 10 67 37 15 45 71 92 15 43 52 80 37
61 42 11 50 39 51 92 21 98 56 62 20 70 37 98 4 26 86 80 19 65 59 75 27 33 54 74 77 47 48 22 15 33 14 81 47 60 84 73 38 75 37 55 58 61 5 80 65 91 19 98 42 1 9 76 89 35 10 95 75 98 32 89 20 53 45 23 90 33 60 47 43
47 89 77 91 93 97 64 19 42 7 14 42 80 37 0 98 52 43 27 83 83 31 7 17 55 0 38 11 2 53 34 9 25 99 81 42 53 87 50 39 22 39 33 57 32 11 91 29 99 84 47 95 24 93 2 97 69 30 90 82 31 98 47 35 50 64 15 0 83 74 82 12 7
87 46 72 90 56 37 3 60 86 95 85 23 74 44 40 55 57 42 55 7 55 88 57 96 40 97 30 61 39 0 7 45 19 14 51 54 38 19 83 75 40 54 23 5 54 47 47 15 26 55 57 24 80 30 60 10 18 30 46 72 20 48 43 65 34 20 34 48 67 15 62 97 84 17
34 34 94 13 37 51 68 32 2 48 62 21 19 92 91 36 73 15 2 6 60 14 81 29 73 51 86 46 82 93 83 47 66 9 92 40 14 2 49 25 44 80 59 94 74 19 63 99 83 16 14 31 47 65 63 85 72 61 51 60 38 55 84 5 59 56 54 19 95 9 10 52 56 47 1
83 6 50 65 76 80 69 51 17 63 44 57 51 43 52 14 82 19 4 53 42 53 81 55 41 60 75 58 98 3 95 42 41 67 89 66 55 68 83 57 13 33 33 39 87 58 61 12 74 39 6 55 39 16 65 59 52 60 56 43 42 75 98 84 93 44 65 94 91 11 34 20 7 24 47 12
90 80 91 71 34 98 48 25 47 99 95 42 67 55 36 78 30 29 29 7 89 81 80 88 32 28 17 44 84 0 19 41 88 59 92 49 4 15 43 65 55 72 17 13 18 61 84 62 58 45 0 81 51 6 76 17 39 85 6 66 22 6 31 94 20 5 18 41 97 86 65 32 50 33 73 42 77
55 2 28 43 67 46 91 29 32 5 89 24 64 43 52 42 77 89 87 23 67 6 39 6 28 25 21 69 84 28 91 12 69 53 60 28 82 5 18 61 83 33 7 38 74 29 16 89 86 49 83 92 54 35 3 13 96 47 74 8 51 62 43 58 74 14 69 14 32 19 53 61 45 90 88 46 12 59
77 81 12 89 6 48 92 59 57 96 14 3 80 26 11 6 82 81 2 95 52 69 91 37 20 75 85 55 15 79 84 91 59 48 87 23 6 34 94 16 54 26 7 54 66 99 64 66 88 40 74 3 9 64 57 98 7 97 52 45 98 30 59 27 90 52 80 74 9 75 8 47 52 18 51 87 65 16 10
48 69 71 97 62 71 3 32 4 98 85 84 18 83 78 57 68 23 43 54 27 19 50 17 28 85 18 72 7 85 89 21 9 14 50 75 24 23 67 38 85 21 2 61 52 58 8 82 78 12 23 54 96 26 88 31 27 88 89 24 40 45 41 77 48 61 65 97 46 9 96 5 90 57 87 2 87 64 63 42
37 75 70 71 27 52 80 33 27 37 46 63 76 78 12 86 51 32 1 70 67 36 5 50 31 44 22 67 69 93 76 44 80 91 34 37 51 41 59 46 9 37 83 80 82 80 52 19 16 46 56 99 4 81 15 89 51 60 62 8 84 57 47 62 48 92 41 57 37 7 88 80 5 98 99 7 95 90 14 86 4
95 31 51 51 20 25 74 40 0 67 55 83 75 55 50 17 46 14 2 92 32 84 41 83 14 58 17 98 73 0 73 71 31 2 10 50 16 72 13 28 64 56 57 46 48 48 74 71 25 60 53 96 76 43 6 55 31 11 57 71 53 50 66 85 95 9 45 5 46 99 33 32 57 47 32 38 47 35 72 37 74 69
53 5 53 84 76 12 75 56 8 70 41 88 43 25 97 37 76 10 74 71 12 67 1 35 47 6 77 36 53 36 47 20 59 88 77 23 93 91 5 40 45 83 82 4 53 8 59 0 81 47 7 11 0 23 46 88 55 70 74 10 81 5 70 21 46 56 8 2 34 40 85 59 72 67 0 53 4 2 0 39 58 39 62
24 71 2 95 98 27 95 58 73 65 45 98 40 26 49 79 86 11 99 88 57 90 66 82 25 96 11 80 98 99 42 55 45 3 69 48 41 39 12 36 91 98 23 59 20 12 72 74 85 11 67 96 18 14 94 97 48 61 6 95 78 91 89 45 67 57 64 25 45 96 81 53 81 95 57 97 43 31 63 29 87 32 25 7
50 13 73 89 55 51 25 69 17 74 47 81 50 10 75 42 18 58 42 92 69 99 61 89 16 63 24 75 11 9 17 80 73 34 10 77 33 26 6 19 1 29 72 18 9 44 29 51 24 71 52 26 19 90 13 21 75 49 87 49 26 45 3 23 91 77 45 86 39 41 14 83 92 15 97 41 40 60 95 73 87 85 74 19 58
35 93 35 88 93 90 90 39 30 7 88 72 35 47 47 97 98 28 47 48 36 88 42 12 18 49 15 27 24 40 10 23 8 39 38 95 33 31 76 99 2 68 7 65 83 98 18 2 75 34 38 3 17 27 65 49 69 87 64 29 7 78 36 26 71 17 74 40 95 45 64 65 6 27 13 8 50 61 4 23 78 22 40 83 6 66
61 82 15 85 82 99 62 57 61 53 81 16 63 31 75 53 49 58 54 48 36 54 23 65 48 7 29 45 6 50 26 31 87 99 47 30 61 98 46 92 76 59 83 60 10 12 0 70 73 50 18 87 62 11 38 76 32 70 65 27 74 66 65 64 42 6 20 3 79 18 46 68 2 2 51 93 17 40 66 12 69 0 26 71 10 52 56
53 33 62 86 35 26 94 63 68 47 76 15 92 78 68 99 75 83 38 62 70 22 93 62 47 60 88 98 73 96 59 76 4 55 36 44 6 20 61 33 92 22 27 21 40 48 30 47 31 22 36 56 32 48 80 67 44 56 87 30 77 8 17 87 65 5 23 99 21 54 69 79 83 99 35 4 45 11 61 89 35 96 4 40 47 19 65 26
57 98 73 22 15 43 51 88 13 56 0 63 97 99 49 47 85 85 12 25 73 14 54 39 12 77 69 80 7 31 13 6 37 37 25 1 87 87 11 19 39 83 54 51 85 11 89 92 34 17 36 52 93 5 63 21 13 44 67 23 64 8 42 35 1 79 87 37 28 46 46 57 80 59 2 37 16 83 88 43 99 62 38 49 57 24 82 27 42
14 67 72 13 54 41 18 31 29 0 52 47 63 85 6 86 72 55 95 57 5 36 14 6 97 36 64 12 0 37 6 31 43 61 89 19 82 71 74 2 50 88 83 44 50 98 72 75 25 83 15 81 19 20 5 58 2 90 13 16 19 22 66 0 10 16 80 90 47 34 68 18 7 30 79 35 31 79 25 99 43 18 43 80 44 4 30 12 84 93
95 59 23 63 58 62 64 53 42 30 5 15 55 80 96 35 94 84 86 30 37 96 98 25 48 49 72 48 72 26 96 80 92 66 63 70 70 16 61 95 76 14 84 43 19 18 4 42 37 66 28 45 63 28 26 60 70 9 55 88 32 59 46 88 86 36 51 69 22 39 56 39 96 71 20 84 77 63 88 84 44 10 31 91 67 82 34 70 29 9 57
8 16 83 61 17 91 27 87 18 95 54 94 64 23 97 97 0 76 8 52 24 70 16 17 71 58 62 46 55 85 59 51 72 28 46 78 2 17 17 32 0 65 5 94 27 88 28 76 69 53 35 39 99 13 79 13 3 87 53 24 28 42 43 15 48 27 65 45 40 25 15 44 62 35 8 89 59 85 44 60 17 35 15 18 96 76 21 35 22 62 70 94
57 64 19 35 96 57 51 45 10 15 97 29 78 21 55 71 9 1 72 48 15 75 28 37 76 30 20 92 52 56 21 93 29 27 41 70 0 51 73 87 20 23 38 78 87 19 51 16 21 4 33 50 94 43 18 63 35 41 25 2 44 57 19 4 45 90 30 96 1 24 97 71 36 41 36 7 37 95 47 27 10 1 35 46 24 74 46 17 16 51 0 99 96
27 46 48 64 51 98 25 37 64 77 0 27 21 5 48 87 42 60 21 52 93 50 38 4 73 35 55 59 89 36 37 79 41 80 33 67 64 84 70 33 72 69 47 20 67 34 53 15 10 32 61 36 21 54 99 9 18 78 68 85 16 43 38 45 8 17 58 41 98 98 5 37 31 63 52 96 94 55 23 36 78 89 44 22 91 86 6 25 73 29 41 90 2 63
93 94 78 83 60 23 65 14 84 14 14 49 58 2 88 63 52 66 63 83 82 65 92 79 2 23 41 46 45 65 72 61 98 30 43 36 74 8 22 29 14 94 52 6 66 68 31 79 90 29 40 68 39 6 68 5 15 3 2 77 58 62 21 44 6 17 49 35 6 77 43 19 79 66 26 74 3 14 77 95 60 69 1 94 10 4 39 91 69 69 61 0 34 71 95
50 39 19 91 33 26 50 96 7 11 23 55 34 99 41 88 91 74 26 23 4 56 3 17 63 60 97 1 5 69 1 9 9 95 52 78 4 2 13 51 87 26 11 35 33 0 84 21 71 68 68 66 2 36 49 94 35 1 78 35 79 40 47 95 46 13 64 48 62 80 21 7 1 45 35 51 39 42 24 36 62 3 79 32 97 87 63 33 0 90 26 17 26 87 62 24
85 97 79 13 75 29 76 60 81 87 64 58 41 38 53 49 61 53 59 75 96 57 36 56 6 77 88 62 47 94 1 50 49 87 21 91 45 52 14 25 89 95 72 16 61 36 26 44 64 72 32 99 75 29 73 29 32 61 92 96 9 52 81 55 24 31 94 73 86 63 97 20 59 39 61 10 29 0 7 93 43 7 55 55 15 8 17 42 11 82 34 3 68 98 17 40 52
42 98 20 53 99 82 19 13 42 62 72 73 53 26 43 46 78 42 39 38 94 10 81 28 16 47 23 76 27 99 17 94 58 97 6 79 92 19 47 65 81 90 68 95 40 24 44 48 65 94 96 39 18 80 71 40 31 17 13 62 8 27 74 81 5 36 91 6 97 20 48 47 30 63 76 41 16 31 94 82 0 39 1 3 61 48 80 66 16 37 97 17 49 74 67 27 86 41
13 96 87 40 14 77 15 67 96 50 86 19 87 12 20 78 55 7 83 13 84 89 21 7 85 22 70 95 76 18 41 77 63 97 9 64 13 93 54 64 51 83 30 39 77 86 76 33 29 32 55 92 55 32 56 99 96 91 42 87 25 87 34 1 78 15 44 19 13 36 25 13 41 99 88 76 33 91 63 65 91 38 30 85 1 56 80 49 11 82 62 66 89 2 50 91 28 4 96
58 22 58 59 90 83 2 63 57 20 28 91 95 2 59 16 67 30 69 5 42 72 30 53 31 54 90 75 4 9 27 25 80 60 55 9 54 84 80 95 67 20 45 28 25 37 13 12 90 17 6 88 40 91 12 8 15 3 25 83 45 76 48 54 62 46 34 1 27 25 78 50 98 30 82 92 32 24 79 19 56 96 84 55 92 50 66 91 33 71 1 21 64 9 72 80 11 86 29 9