# seed: 2032380360
43
97 14
25 73 43
73 94 53 6
12 71 39 20 5
43 40 3 4 96 11
21 67 39 10 46 26 68
52 70 40 49 68 89 82 96
92 73 54 88 69 48 14 46 58
67 91 37 61 42 7 17 93 29 69
60 39 77 47 38 24 45 8 44 70 12
94 60 51 48 52 72 79 64 72 57 92 15
46 3 77 30 96 96 79 64 50 77 62 4 23
64 35 63 87 12 33 17 53 23 56 28 49 80 70
31 3 50 7 41 30 92 47 17 2 81 63 37 94 39
6 52 30 57 83 85 54 23 68 40 88 27 73 23 95 18
67 94 62 0 33 52 72 60 80 52 95 32 31 73 67 26 49
74 20 29 27 63 36 99 43 28 83 55 72 32 17 26 57 91 31
71 44 88 58 41 23 55 61 22 53 7 99 1 3 80 20 96 47 11
81 1 67 47 98 23 23 44 84 45 37 15 40 15 42 62 87 69 45 26
25 42 51 35 93 85 1 83 15 18 39 83 53 68 84 63 8 79 40 53 3
31 94 10 2 0 73 21 56 16 45 45 83 59 80 78 97 34 71 15 1 4 19
11 64 85 53 5 19 48 98 15 22 24 77 48 1 51 83 94 11 20 28 79 67 51
35 51 4 31 72 20 26 96 83 17 91 0 70 30 73 44 4 52 49 95 17 73 36 55
22 56 79 27 93 22 88 17 30 6 5 33 21 85 13 48 7 4 29 84 49 40 86 45 72
67 40 33 47 96 41 76 68 91 48 97 53 37 47 2 44 20 44 0 73 80 55 3 12 29 27
46 95 60 88 66 49 37 4 33 11 63 2 50 11 16 10 52 51 35 28 40 77 49 97 59 89 88
17 73 20 86 63 57 70 70 29 51 23 64 60 25 47 76 88 69 17 95 82 82 60 13 7 37 56 91
73 55 24 0 24 82 64 15 91 67 98 53 94 68 14 36 37 26 26 89 43 65 77 18 35 67 48 72 96
51 79 24 91 40 83 45 39 51 12 11 43 62 2 87 35 9 85 48 9 3 50 64 2 23 3 39 14 89 94
26 58 12 97 28 52 45 13 92 68 38 24 74 41 62 79 7 20 15 62 72 70 34 68 38 82 37 58 54 65 13
3 36 50 99 18 86 18 55 51 23 32 29 69 49 67 29 76 12 81 36 52 37 12 12 95 3 27 17 84 34 94 74
6 46 80 53 18 90 83 42 16 43 51 39 49 99 52 80 42 92 85 26 31 66 21 12 99 4 89 62 4 39 89 2 99
4 8 44 89 9 22 65 57 56 25 4 17 96 52 94 57 5 21 68 87 67 91 39 97 38 60 0 74 86 24 22 39 94 53
81 95 66 8 29 85 78 30 40 54 17 20 17 44 4 89 34 64 25 53 97 5 96 95 99 82 82 25 54 10 35 92 69 52 74
71 66 29 5 61 88 82 14 43 94 55 45 0 96 70 71 23 82 14 25 27 80 56 47 71 65 55 69 73 59 36 84 25 59 49 84
43 74 55 53 29 61 51 20 68 75 45 78 6 53 13 97 84 57 8 6 94 28 83 38 52 51 47 92 78 45 56 45 36 16 79 61 83
69 92 73 63 89 81 77 21 22 85 55 86 32 14 23 87 90 77 64 69 85 57 63 64 24 14 2 56 36 92 51 35 15 21 12 30 20 51
45 56 79 91 5 49 72 34 92 45 45 94 13 79 41 70 56 73 71 8 49 50 76 44 1 55 90 30 81 33 15 5 69 12 22 62 41 76 21
32 40 60 2 53 22 31 64 62 60 28 31 46 68 23 8 37 10 47 7 36 36 79 38 60 29 31 32 87 56 92 15 56 68 8 80 19 0 53 64
74 50 70 51 15 64 75 6 1 67 25 34 19 84 5 73 8 14 87 68 82 59 81 74 50 74 46 85 28 33 69 79 48 90 45 0 48 82 2 67 42
35 35 3 50 27 71 57 81 35 44 63 2 0 7 99 62 89 41 14 55 86 42 72 9 13 51 70 60 0 31 36 67 47 48 33 46 3 61 44 16 48 68
93 75 12 29 89 84 6 1 46 72 98 49 35 50 91 80 69 16 35 44 80 83 38 49 77 6 6 19 52 39 70 77 9 54 31 16 63 80 44 59 6 4 75
66 72 45 82 58 60 75 42 75 66 92 12 97 30 63 38 68 4 51 77 31 52 55 48 12 75 11 16 94 66 79 16 37 8 75 28 63 12 42 83 89 97 73 66
92 57 48 96 18 32 25 83 8 50 33 9 69 48 99 9 6 22 96 40 22 1 97 77 14 64 68 17 53 86 90 35 94 98 2 84 19 44 51 31 34 62 4 49 11
31 13 11 44 53 27 73 8 57 89 36 35 13 94 67 73 6 30 92 16 20 28 10 83 92 59 58 92 37 37 63 1 58 30 91 58 16 77 1 20 75 21 73 67 91 47
75 75 70 59 92 60 20 83 82 24 8 27 94 74 2 92 73 0 79 84 0 82 66 50 42 62 7 47 93 37 74 40 11 52 20 68 47 25 10 87 47 44 37 65 67 81 23
44 69 64 61 16 43 76 0 9 98 42 49 9 7 61 41 60 33 24 78 81 6 68 46 62 11 8 46 99 43 0 86 38 12 41 96 51 95 50 2 19 10 16 33 21 31 36 4
60 99 34 91 98 0 35 11 23 45 8 63 63 37 87 7 81 95 10 28 15 36 18 47 47 10 51 80 13 22 93 93 52 26 20 75 19 74 77 29 4 12 44 16 95 42 78 28 38
72 12 37 58 15 91 48 38 46 32 17 11 99 96 2 43 62 28 23 32 11 62 86 70 49 31 89 57 84 54 98 72 52 39 59 34 4 85 29 95 42 15 75 69 55 53 4 78 35 47
5 89 83 6 68 4 49 7 66 44 3 86 92 24 98 79 43 9 57 21 85 3 57 43 56 86 93 21 26 20 85 45 27 58 79 54 79 74 54 54 72 11 2 66 80 29 8 16 43 25 36
6 57 25 77 50 67 85 6 71 73 37 64 45 35 91 71 37 21 89 17 36 17 60 69 55 43 8 29 53 21 28 25 40 13 74 73 62 41 72 89 3 41 90 11 84 87 84 33 56 32 9 42
3 19 18 20 35 1 69 21 43 12 13 99 44 28 94 76 68 44 50 42 69 9 7 76 14 58 97 99 21 12 21 21 37 9 9 84 89 13 7 99 70 48 79 70 49 35 60 83 20 50 71 50 90
78 75 21 55 9 75 49 58 51 18 90 96 71 85 21 86 16 90 72 98 70 8 3 71 6 96 15 93 97 95 0 41 80 7 12 19 6 8 6 7 83 15 68 37 70 65 62 84 69 75 65 94 68 99
13 58 60 63 6 1 43 77 93 14 46 30 19 77 51 17 10 46 4 53 93 71 44 39 71 18 45 14 24 28 32 60 0 95 82 57 61 90 23 75 72 26 45 5 51 38 34 70 50 17 15 71 64 25 75
10 81 64 68 46 34 18 69 90 97 93 11 85 36 65 89 16 9 76 17 60 76 90 93 52 9 71 20 58 44 18 82 82 59 14 53 27 87 21 75 43 23 0 33 0 75 41 62 56 9 60 85 53 94 29 7
5 83 4 59 58 26 91 53 55 69 81 50 42 23 24 2 34 79 33 42 5 34 52 24 35 7 46 18 59 61 23 8 46 25 73 47 65 35 24 72 77 56 40 72 3 42 73 94 83 60 70 70 76 16 64 53 69
3 35 15 24 9 3 1 56 78 5 85 86 17 28 15 16 87 76 50 41 4 34 39 6 71 33 30 55 23 82 56 14 70 90 86 56 41 82 48 53 7 28 89 7 5 93 34 24 87 55 54 25 32 80 38 79 27 86
2 51 77 14 57 82 16 15 73 20 83 20 71 35 67 11 34 8 23 53 30 17 75 3 89 66 32 83 78 58 92 43 26 71 80 27 60 98 12 35 88 80 38 96 33 12 23 44 29 42 19 9 6 68 48 55 78 21 22
82 87 87 95 22 65 60 58 15 89 64 74 25 72 39 93 40 86 46 46 9 89 9 20 77 93 39 17 68 50 69 32 82 45 74 51 94 52 5 16 96 93 61 11 9 49 77 69 70 22 83 60 86 95 44 44 28 94 3 66
53 73 23 56 87 8 35 56 84 66 20 22 43 18 93 26 91 11 48 39 35 61 9 90 77 63 0 70 64 10 92 60 70 90 43 87 45 0 62 67 59 40 85 1 27 70 28 43 4 49 97 65 15 71 27 71 44 21 48 53 27
2 14 38 39 2 20 89 28 70 27 84 23 94 61 54 38 72 95 67 3 52 26 32 73 61 60 88 94 32 69 63 13 99 42 60 21 49 46 58 55 12 34 13 4 8 63 48 94 60 60 89 24 23 95 84 27 38 2 76 40 57 10
18 56 55 42 59 55 2 38 26 64 60 68 97 91 21 12 30 4 2 16 70 32 48 27 57 55 70 4 27 5 55 96 43 99 96 63 75 69 82 76 49 21 77 95 81 66 58 96 36 80 79 96 5 78 84 31 14 34 57 81 42 5 83
38 98 21 37 50 3 11 1 35 79 26 83 60 11 84 42 54 9 98 81 2 82 66 54 86 37 63 23 71 52 16 37 49 19 31 38 89 23 30 94 67 91 73 31 19 99 50 38 67 55 9 54 72 30 8 56 61 61 8 64 21 66 31 88
72 10 65 3 82 55 89 90 41 75 28 55 1 83 38 66 86 80 6 29 36 84 53 31 52 65 87 89 11 75 88 9 56 79 58 45 27 16 36 1 1 41 36 81 76 54 19 17 51 1 37 58 28 1 48 6 2 15 81 65 49 23 62 48 36
22 63 98 86 30 92 46 78 43 89 11 98 73 25 68 4 19 10 41 90 8 65 74 27 49 38 75 31 59 46 32 25 7 65 64 45 87 52 34 73 95 63 3 45 50 13 67 98 64 16 46 64 34 33 15 40 76 85 65 9 26 18 43 3 73 45
30 50 86 64 88 37 42 29 92 94 25 77 57 39 17 37 94 44 26 10 0 25 16 52 51 95 57 1 46 61 82 42 84 19 44 48 78 23 48 25 99 94 5 68 15 31 82 59 55 12 52 78 86 93 45 45 23 77 95 23 52 63 80 99 62 58 43
69 38 6 81 57 74 59 2 75 53 6 59 38 83 66 89 73 93 80 35 33 18 43 20 80 39 38 20 23 65 34 31 34 4 35 41 62 6 79 24 60 50 2 3 68 65 68 52 25 25 79 62 87 9 85 49 93 47 62 30 27 75 98 99 87 81 85 20
43 24 89 33 82 27 78 84 87 25 49 93 8 69 38 90 25 3 79 5 37 86 2 50 11 10 44 99 57 73 37 2 65 95 52 82 57 44 20 28 97 84 45 57 34 37 0 78 65 24 49 97 37 14 55 72 78 33 87 59 15 56 91 2 37 7 18 85 1
16 0 81 72 52 59 48 49 99 86 80 84 64 51 64 99 39 16 32 42 80 27 96 17 53 26 2 45 96 30 65 23 40 23 37 84 31 73 56 47 85 91 34 38 83 29 51 33 26 14 70 17 3 12 78 35 57 82 0 9 14 3 79 58 24 97 30 59 95 14
4 23 99 12 26 75 53 16 76 99 87 92 94 4 46 5 72 38 99 48 33 75 22 75 30 55 55 85 6 95 38 86 77 29 99 84 82 74 19 82 98 47 78 3 84 98 14 72 18 49 80 56 10 49 51 57 86 12 62 7 66 25 59 1 5 94 27 68 83 68 96
96 58 95 74 54 87 9 13 12 73 4 84 45 41 12 20 1 20 59 33 68 14 89 74 91 59 41 67 75 53 49 35 34 35 78 44 62 88 91 45 5 12 60 55 87 19 20 35 46 76 72 87 8 46 91 72 72 48 2 45 54 80 5 82 25 74 40 28 50 56 41 57
15 31 63 64 60 20 45 23 14 8 9 17 50 33 22 7 16 95 53 18 64 8 31 89 75 17 10 37 67 81 95 57 98 51 96 75 1 44 2 17 68 22 80 6 43 53 24 93 43 1 75 93 6 5 33 74 70 71 71 16 93 48 57 77 82 99 80 30 4 18 40 23 48
70 8 92 98 13 3 53 85 85 3 88 0 15 5 54 48 17 35 36 75 33 30 14 31 16 5 95 93 4 59 39 10 91 1 41 60 68 99 83 18 31 45 80 1 17 88 58 3 66 43 39 33 76 7 2 93 41 13 99 43 21 79 43 38 65 12 25 76 36 10 71 74 44 78
33 89 89 17 45 17 47 17 70 60 9 80 27 32 51 7 33 23 88 99 93 56 69 44 9 11 55 38 85 57 11 85 74 21 61 98 91 60 99 11 8 92 44 9 16 37 1 60 90 93 74 13 0 24 86 65 33 44 38 28 86 99 89 50 4 73 39 49 8 82 42 49 31 52 53
9 13 78 55 70 54 11 64 39 5 26 69 7 17 20 13 24 20 21 73 5 78 36 53 55 28 21 5 29 80 49 79 94 94 28 22 44 40 16 36 34 86 98 57 11 0 86 32 94 61 69 20 79 2 59 84 20 96 79 67 93 22 26 80 78 56 31 41 74 93 2 7 65 56 92 94
36 11 15 87 81 52 76 76 55 41 41 68 83 34 54 84 52 95 55 54 58 53 44 44 25 61 9 85 6 12 33 13 95 65 39 10 95 37 38 28 77 26 19 73 34 8 65 61 11 48 18 90 89 43 69 52 28 55 42 42 91 5 11 5 94 95 5 85 62 48 60 45 58 51 16 3 39
45 23 2 21 84 44 21 85 56 63 85 39 68 69 42 57 19 63 67 35 65 89 36 3 30 80 5 40 45 57 26 23 37 82 74 26 41 56 81 20 50 39 94 91 28 17 93 88 74 5 22 89 10 44 70 93 69 8 12 74 39 85 37 53 92 97 85 34 0 16 67 15 97 31 71 66 22 42
2 35 38 82 26 33 7 90 69 42 55 78 29 77 23 17 34 99 75 36 91 78 72 84 31 54 7 69 76 30 47 1 3 60 4 24 60 25 28 94 59 4 59 39 28 15 30 0 75 11 56 87 93 8 34 29 81 96 29 63 94 91 31 90 86 29 34 40 75 95 29 65 45 48 93 8 42 23 19
79 18 42 33 78 39 71 6 26 0 31 0 39 13 63 33 28 8 59 14 47 4 51 53 98 28 29 13 75 34 93 28 34 25 60 9 84 48 24 71 52 22 89 63 91 11 60 66 92 98 45 87 31 66 67 88 58 66 61 87 66 64 97 38 56 53 16 32 3 44 85 86 35 89 51 70 29 99 33 89
53 34 33 77 18 81 37 36 20 88 78 88 88 89 40 96 29 66 20 82 66 68 61 95 46 63 72 81 99 38 3 36 92 41 1 56 10 82 0 15 73 50 9 94 24 1 33 51 2 68 26 51 65 95 64 65 21 98 10 88 55 82 32 5 56 91 14 57 33 44 49 57 4 23 50 87 32 78 49 7 67
67 71 48 16 77 22 1 21 96 35 63 84 7 78 32 42 64 88 50 49 0 42 68 34 5 33 42 75 18 14 27 83 75 74 27 43 43 4 59 94 67 76 19 45 20 1 34 81 92 39 9 40 77 1 22 86 39 37 11 48 5 10 12 98 12 81 54 99 24 93 42 55 88 61 18 20 1 7 27 46 42 30
53 88 27 81 3 53 8 79 15 73 94 28 74 66 49 82 36 38 89 98 63 57 75 37 42 56 10 30 23 5 84 18 94 51 59 55 5 62 14 63 12 1 73 77 52 28 40 70 89 5 53 89 14 79 64 86 82 41 77 53 41 97 52 75 68 12 92 22 22 18 43 17 36 48 7 36 47 14 47 21 77 56 44
16 22 66 39 18 18 10 87 28 58 14 88 77 3 26 87 94 74 97 88 53 13 49 19 29 11 80 68 15 37 3 3 83 60 9 87 14 83 85 30 80 69 45 34 75 84 23 55 95 7 34 10 98 77 26 10 88 63 2 89 19 63 87 14 72 28 61 38 97 99 53 81 0 79 38 47 54 45 58 61 50 67 5 39
9 43 30 55 17 48 6 43 38 5 66 3 41 1 17 26 97 16 6 41 44 72 4 75 7 28 99 28 10 82 40 36 46 63 9 50 25 82 75 66 56 90 9 60 21 8 46 49 96 69 56 69 97 96 55 47 15 96 18 44 51 33 84 81 45 86 43 28 96 76 63 26 37 26 84 1 72 57 79 1 23 22 83 61 50
30 93 16 77 13 94 46 94 48 15 61 45 6 32 68 24 55 50 7 44 45 96 25 11 51 45 35 26 63 3 82 59 23 55 41 23 11 33 17 81 91 81 22 47 77 0 91 91 71 61 45 99 47 27 76 33 51 80 20 29 96 4 44 48 54 23 49 67 27 58 29 10 9 85 79 3 94 59 92 12 27 7 84 60 57 95
71 2 24 59 62 95 9 66 21 94 24 9 44 27 3 1 7 93 87 84 3 77 93 53 91 63 20 13 91 48 13 82 45 99 7 78 70 9 91 65 87 20 17 20 45 59 77 22 75 84 12 97 36 73 38 18 53 45 49 99 72 90 85 2 14 86 72 38 56 43 5 65 82 6 80 69 26 65 32 33 75 41 34 29 12 54 61
63 5 52 68 4 41 0 24 81 55 57 83 91 7 45 90 75 65 60 90 68 85 59 28 94 81 39 78 35 56 25 39 26 68 99 70 21 84 40 26 77 4 88 3 80 49 63 36 21 56 79 95 7 95 22 93 9 21 79 91 60 96 94 74 92 5 7 74 13 35 71 92 24 8 97 85 37 85 56 55 16 28 78 54 21 65 54 72
14 86 48 55 48 12 5 68 41 72 22 22 0 39 61 44 88 23 14 12 60 18 5 81 40 32 94 92 36 9 11 47 38 84 66 87 62 24 57 92 58 34 59 95 16 80 9 40 80 85 70 29 90 17 90 8 86 53 1 49 16 92 48 24 27 48 93 18 74 80 79 2 69 30 90 81 94 90 72 98 3 47 22 60 61 43 38 2 48
65 89 60 82 22 50 30 34 89 78 14 89 48 11 58 99 25 35 15 81 93 39 64 79 37 17 89 45 78 7 9 35 43 9 18 70 66 5 29 63 68 99 56 95 32 17 25 89 90 99 78 2 5 71 93 47 17 91 55 90 27 23 32 36 9 90 3 27 86 21 1 55 12 55 23 31 99 17 37 53 13 89 49 36 77 51 69 91 90 96
19 50 98 91 15 29 83 67 38 49 13 98 34 40 45 11 37 33 51 62 44 32 15 94 37 76 63 82 89 90 77 21 4 64 79 47 30 28 45 60 20 49 70 27 88 11 0 29 59 70 30 5 61 47 80 4 54 49 53 87 99 50 12 88 35 2 26 54 26 59 68 65 73 55 27 41 16 61 16 4 36 86 25 82 16 36 30 17 15 73 85
83 73 18 63 36 28 60 59 74 97 8 16 42 32 54 38 68 53 20 18 40 65 12 81 33 33 49 87 97 49 72 97 46 2 50 92 98 10 3 9 85 81 77 36 96 42 71 32 60 23 37 53 38 58 1 32 30 32 92 15 38 8 39 86 87 38 42 22 44 94 26 34 96 61 48 8 90 39 81 82 28 62 89 89 56 54 72 51 48 54 91 49
38 60 42 56 91 37 94 78 33 84 18 32 70 21 95 20 17 98 57 6 33 90 82 11 41 50 26 34 4 33 85 17 12 72 32 79 95 95 98 30 21 91 63 9 21 65 68 65 40 16 54 81 79 79 50 22 94 30 30 28 14 47 37 36 84 16 45 55 45 9 62 34 36 24 72 15 67 54 30 63 91 60 37 10 58 50 87 3 41 1 65 59 41
59 61 93 39 94 26 68 93 65 86 85 51 91 50 87 97 74 44 5 54 43 29 15 34 66 19 17 33 84 46 98 51 61 28 76 80 56 3 90 57 53 50 55 81 23 76 33 3 51 84 79 33 25 63 39 14 66 53 81 18 19 50 76 6 78 34 78 95 99 67 57 35 64 42 37 79 61 46 89 64 40 85 93 29 86 7 50 79 40 96 25 96 1 33
47 83 80 38 87 9 62 55 12 28 98 51 46 87 77 98 35 22 45 19 57 25 77 32 31 89 32 82 28 20 15 30 33 2 37 38 61 12 98 58 33 20 79 91 14 23 34 13 99 71 86 13 0 10 43 58 63 8 4 58 79 45 73 5 87 54 31 37 47 70 91 69 86 6 16 11 66 87 53 66 41 12 35 97 48 86 67 10 87 84 69 91 24 84 6
3 18 33 48 59 26 51 52 23 48 92 71 11 93 13 54 74 28 81 45 78 84 75 2 16 9 72 80 87 31 43 75 72 92 5 31 68 96 5 70 53 15 36 70 56 24 59 8 60 34 21 10 4 29 61 56 91 2 53 0 33 51 76 15 43 14 95 16 12 97 38 16 78 24 51 32 4 26 20 20 62 65 29 64 7 38 74 69 20 30 91 65 77 92 11 12
4 99 58 28 39 51 49 72 43 13 21 37 60 4 32 65 52 83 61 98 91 79 68 8 46 73 89 35 15 35 42 56 57 49 68 57 37 69 19 68 20 2 65 57 29 45 68 9 63 54 53 28 84 85 82 90 85 87 33 38 95 63 71 75 19 15 79 53 78 12 90 24 83 1 9 28 97 41 95 70 58 67 53 42 34 68 8 66 39 48 41 7 20 89 73 58 77
65 72 91 10 62 72 22 67 85 67 83 5 69 97 92 78 62 64 81 89 62 75 57 25 91 94 40 56 95 32 49 12 38 75 3 93 11 81 59 86 18 75 37 38 56 59 84 63 59 51 87 5 45 50 75 66 94 68 83 38 68 21 24 51 92 91 93 23 89 91 46 28 15 91 25 26 78 43 78 4 46 66 22 42 33 53 63 91 71 2 59 70 90 59 2 11 1 34
9 12 95 36 49 95 82 81 33 67 68 3 14 89 83 69 33 41 69 97 70 47 96 81 32 8 37 98 84 51 50 50 56 4 78 15 93 72 25 39 0 72 98 75 67 8 37 40 68 28 41 80 76 76 27 30 78 85 37 74 69 45 63 56 96 55 44 61 34 21 29 83 47 24 62 65 86 54 22 70 79 12 10 5 32 86 45 30 9 79 59 76 14 53 88 11 19 26 65
40 91 58 46 93 88 53 98 3 6 41 36 96 6 57 15 1 19 18 62 68 94 7 91 55 59 60 73 57 80 7 39 26 85 26 52 15 21 81 6 4 56 65 57 22 30 96 53 29 1 83 42 23 47 81 31 88 88 9 26 36 7 7 41 23 99 86 43 11 24 58 49 93 72 37 63 28 86 63 31 94 21 90 25 10 86 21 34 65 24 29 43 85 44 19 40 29 94 29 3