# seed: 1387082023
42
52 82
96 83 54
86 96 71 39
49 96 96 79 22
55 12 67 60 37 67
24 32 57 50 58 37 2
68 37 47 1 50 81 83 76
48 3 29 17 27 69 80 66 15
27 31 21 87 77 55 50 84 65 84
76 7 77 76 9 70 78 74 73 65 64
8 94 21 58 18 43 75 2 60 79 61 14
86 89 59 82 70 61 39 50 74 10 94 29 21
60 7 24 22 10 19 96 76 24 72 38 76 59 30
41 91 33 92 52 43 12 27 71 39 59 63 67 12 88
74 85 16 86 33 14 66 99 23 22 90 27 81 93 99 35
25 47 90 84 54 96 11 53 4 35 92 64 73 96 46 65 61
2 5 76 32 14 38 65 14 58 72 63 78 10 76 97 12 64 50
42 85 48 61 32 34 7 27 99 2 42 55 41 37 43 72 50 94 91
91 26 95 67 84 3 16 16 30 25 6 95 77 37 83 51 94 33 48 82
78 54 19 91 71 29 66 17 12 72 32 29 92 16 27 57 87 24 92 69 61
9 0 64 52 74 47 33 13 9 15 93 98 19 98 52 11 72 86 15 87 53 15
68 22 66 62 81 5 70 37 72 94 39 74 81 3 53 78 94 66 50 63 43 67 71
9 69 78 98 6 62 71 83 94 32 72 61 96 63 94 85 23 57 16 15 63 79 2 10
82 46 98 87 7 73 25 6 75 55 80 3 93 5 22 12 69 93 38 60 48 2 90 45 86
32 0 71 36 76 29 40 52 81 48 65 40 90 96 55 29 16 62 64 57 81 26 56 64 55 57
83 98 91 53 93 10 29 89 37 16 40 11 57 13 7 73 66 42 31 56 19 29 86 0 56 63 62
96 9 27 86 61 54 36 33 95 70 31 83 76 52 28 26 82 47 0 60 84 33 92 96 73 91 56 55
80 75 59 31 32 65 70 30 92 82 88 29 0 12 2 72 12 68 84 47 92 34 97 28 21 94 43 44 70
72 99 12 24 73 80 44 70 62 30 87 60 74 7 30 23 35 26 55 25 66 76 86 71 40 48 3 69 94 22
39 69 41 1 70 40 11 3 58 26 30 30 49 57 2 12 29 50 15 51 52 48 49 87 40 73 39 53 97 55 32
19 90 52 92 98 59 39 0 39 5 96 49 6 0 6 3 68 97 7 59 29 12 92 1 42 84 35 80 65 35 24 96
7 33 12 67 74 17 21 32 29 80 67 97 42 69 23 19 27 47 11 40 52 9 34 23 76 99 10 35 70 11 71 58 73
31 18 40 49 31 23 40 69 31 85 8 10 30 5 36 8 90 54 78 80 8 48 37 55 53 96 24 42 26 32 15 91 53 8
35 48 72 32 35 95 96 76 51 14 36 47 2 84 19 69 81 14 25 1 77 92 29 86 10 4 32 80 30 34 14 63 70 37 6
25 1 86 4 82 30 67 91 22 91 67 90 6 12 0 72 39 71 42 43 27 27 32 10 42 51 33 47 3 71 50 72 13 51 47 33
93 69 83 84 45 21 32 30 69 60 32 49 42 77 75 48 1 29 6 58 23 47 94 7 12 91 82 93 8 31 93 63 54 39 36 77 92
83 60 35 64 61 93 72 30 29 80 88 79 65 3 5 86 72 38 79 34 90 61 23 11 99 13 38 1 33 17 67 20 42 11 2 22 39 27
86 8 42 4 90 92 22 49 44 39 32 48 30 96 8 11 45 53 99 51 36 42 11 42 91 76 57 16 7 19 70 19 73 40 13 8 50 30 14
98 41 51 43 78 17 68 12 16 83 19 57 98 96 53 85 8 39 8 56 40 49 74 69 43 50 53 32 80 65 39 15 77 50 54 92 17 31 28 88
49 45 24 83 15 36 26 67 97 37 85 91 83 53 1 37 73 94 63 53 91 51 21 50 62 13 74 26 84 57 74 86 85 42 68 76 58 44 25 12 3
19 83 91 40 86 30 78 11 27 46 68 30 51 22 82 61 32 13 60 12 19 44 38 80 40 48 45 31 61 50 37 8 83 17 54 44 88 86 96 79 71 15
63 65 98 55 1 86 89 43 59 13 28 35 66 49 22 91 92 9 26 12 6 74 27 67 79 82 57 41 46 24 52 54 40 36 11 96 65 26 70 11 73 35 80
67 0 51 4 54 43 28 68 9 63 40 69 5 87 40 94 67 13 47 44 46 18 30 35 41 27 8 29 5 17 5 0 0 13 59 38 40 58 34 19 63 43 18 96
72 84 4 74 16 13 78 45 23 46 43 17 82 91 23 44 86 7 63 36 18 97 58 96 77 71 61 54 59 87 81 3 36 25 66 3 48 46 43 5 2 46 9 46 66
85 21 26 9 8 19 55 77 8 33 70 74 28 21 18 53 19 7 68 32 46 71 13 83 40 16 22 82 80 70 53 55 16 33 18 34 67 19 25 53 58 91 0 78 48 72
38 70 43 86 90 12 64 19 53 73 50 67 2 7 80 26 83 76 41 60 94 26 24 23 72 89 66 84 99 14 19 84 38 28 43 1 85 21 37 66 38 13 81 47 95 58 48
7 44 64 28 76 49 73 52 45 97 99 29 76 13 73 90 97 80 55 6 76 0 98 55 15 69 49 73 4 15 18 6 38 47 60 21 79 87 14 61 3 31 61 71 59 59 88 28
33 25 21 1 87 65 3 78 31 14 67 70 67 13 92 25 26 48 49 56 23 52 29 65 37 7 73 79 97 93 62 25 22 92 17 16 38 23 65 45 17 36 17 39 74 29 19 61 33
76 21 76 62 64 82 88 81 12 1 27 79 43 67 94 16 78 63 75 22 6 35 16 34 3 93 26 47 90 92 43 20 7 29 98 87 26 34 16 1 47 86 53 76 38 52 78 48 70 42
49 17 22 2 47 74 92 28 61 1 38 45 2 91 20 25 74 91 20 13 87 93 79 48 14 0 84 40 13 22 38 72 88 77 99 37 70 81 63 98 5 87 12 73 42 89 63 1 12 64 97
33 92 51 10 83 22 11 6 59 67 26 38 63 66 85 97 44 50 74 43 47 49 48 52 69 68 55 50 37 87 3 1 1 64 85 60 87 8 85 29 70 21 43 35 96 40 65 56 12 90 10 65
23 87 77 2 20 10 93 38 4 12 93 68 2 38 51 42 36 25 78 15 40 70 6 52 91 13 50 28 57 27 8 76 14 5 11 58 87 87 74 90 20 3 57 90 66 2 14 43 74 21 47 50 98
74 47 54 16 27 14 93 13 63 73 9 27 4 19 92 68 20 75 67 35 92 31 92 37 64 90 92 44 8 58 40 39 37 33 17 3 92 63 3 30 4 53 95 52 60 72 20 34 2 39 24 27 47 63
96 5 48 27 89 24 42 29 47 20 20 65 8 76 61 67 26 12 57 11 71 55 92 17 66 94 50 31 2 86 87 73 39 45 31 32 25 12 66 95 37 88 86 82 71 39 85 88 90 50 59 48 12 22 69
20 58 99 64 3 96 33 5 6 77 74 44 26 5 10 46 84 76 63 39 53 20 60 58 77 47 8 5 64 55 87 55 81 12 6 30 11 84 1 25 16 94 6 4 37 8 20 72 4 70 14 40 26 76 22 50
54 94 11 7 70 7 99 54 38 64 2 22 98 34 0 79 25 98 81 34 76 74 23 16 28 29 48 4 45 77 83 30 36 37 22 57 59 97 26 42 28 82 15 99 65 63 27 70 0 14 42 49 20 97 27 96 22
52 86 95 41 71 81 74 81 41 18 16 75 49 48 58 80 70 98 49 75 82 25 91 97 80 81 28 0 62 0 86 40 90 87 86 31 89 58 6 91 59 18 58 9 2 89 24 77 20 6 81 69 40 88 94 88 29 98
60 57 92 70 99 13 49 95 31 54 96 88 37 61 81 14 90 38 20 37 10 99 37 80 10 47 49 99 3 90 78 3 27 55 72 61 19 97 92 7 92 99 19 56 41 3 52 35 25 66 24 52 52 66 59 83 52 92 72
29 94 45 41 49 96 18 53 40 34 60 3 2 17 26 67 62 52 69 29 16 37 96 22 69 64 54 35 95 47 6 18 16 98 79 16 10 16 9 17 57 83 43 41 41 52 34 64 2 18 35 54 25 29 41 69 74 24 68 10
9 96 50 30 6 32 87 45 89 17 88 28 54 12 48 56 23 35 68 72 36 89 1 45 19 89 89 22 37 33 90 70 80 86 39 60 13 20 25 30 55 61 81 3 37 19 5 51 72 21 28 50 51 31 84 20 14 14 51 12 20
43 38 80 29 9 99 85 51 50 37 93 23 99 90 49 4 28 69 94 85 55 1 76 29 45 83 61 93 95 36 28 29 6 39 93 55 46 19 77 45 50 3 28 21 28 52 83 64 13 32 41 41 3 64 58 69 7 50 6 16 60 0
65 1 25 9 59 90 20 62 95 91 59 48 5 86 7 18 29 13 60 38 52 37 3 53 37 34 57 69 77 79 5 58 24 44 50 20 80 79 19 45 92 9 50 75 66 46 60 33 66 11 62 39 7 76 67 48 37 81 70 36 33 15 11
95 28 34 27 61 42 33 11 52 0 43 91 27 58 43 67 45 34 54 55 72 82 38 93 80 89 23 24 19 17 52 57 18 54 39 65 66 39 73 1 14 61 48 69 26 28 39 61 45 82 6 67 67 25 16 47 9 41 70 85 47 31 9 19
68 73 99 27 77 93 90 32 60 50 46 18 99 6 2 25 70 62 79 13 78 28 41 84 57 35 59 57 91 94 94 18 73 42 13 47 45 58 44 48 86 93 88 24 19 27 83 55 8 77 1 63 56 7 70 96 70 84 62 98 14 77 60 97 57
24 67 43 14 9 96 38 71 22 93 12 40 54 78 99 62 28 11 99 65 78 50 72 8 50 23 82 30 42 82 52 43 52 28 28 12 29 42 36 68 30 70 10 16 5 24 94 49 54 35 46 29 42 21 99 68 45 38 2 67 32 16 39 4 70 99
13 63 36 20 16 20 13 36 13 73 11 28 51 81 28 59 91 97 61 80 85 26 56 2 6 87 71 31 43 31 73 65 8 12 33 4 38 17 2 69 71 33 24 43 42 29 89 28 80 91 0 3 99 46 52 57 14 31 35 46 7 66 13 94 7 53 20
2 25 25 45 30 94 31 24 4 64 86 94 22 39 81 11 0 48 91 89 46 42 92 56 66 31 22 15 27 71 0 28 29 60 0 75 99 34 64 75 83 60 56 94 90 97 86 67 25 40 46 57 80 45 33 66 22 4 78 11 2 76 40 3 49 70 80 76
84 57 14 65 1 50 90 82 37 65 54 6 54 87 95 55 16 8 82 65 90 60 80 16 20 2 25 16 11 96 62 31 96 58 42 50 89 7 45 18 66 21 69 73 34 78 33 45 75 67 15 77 83 1 97 95 52 88 72 87 50 32 57 29 61 36 45 38 32
97 45 65 8 3 87 9 89 0 41 31 83 29 12 90 17 91 64 7 72 59 19 60 30 37 19 97 66 24 94 29 53 58 65 27 71 4 45 96 12 37 18 38 17 12 65 28 46 44 42 45 99 11 16 11 8 67 69 84 14 54 37 39 68 98 18 73 19 84 53
12 94 9 54 82 1 98 3 95 28 18 59 4 52 80 5 60 68 43 95 41 27 29 30 72 42 79 60 75 75 71 9 19 56 89 94 74 63 48 13 79 47 81 58 81 73 9 96 43 16 56 12 77 67 55 29 92 22 75 98 24 52 40 0 19 57 60 45 42 58 18
79 8 82 23 8 87 52 72 20 8 15 90 45 83 39 2 67 39 61 17 77 24 59 28 14 2 9 2 33 95 32 63 81 66 21 62 33 55 39 11 41 75 22 30 41 16 55 39 82 86 18 38 52 0 22 23 0 10 29 16 95 9 4 28 95 10 81 1 24 24 36 51
92 96 55 14 17 63 75 49 96 43 5 48 60 84 62 37 36 78 64 85 14 43 53 70 5 62 65 92 78 75 84 79 51 47 77 40 33 61 51 14 84 19 7 29 57 31 11 74 44 49 50 65 4 46 61 22 84 95 22 88 99 32 95 1 32 76 69 24 97 82 67 24 86
59 51 5 11 50 77 97 10 33 64 13 82 73 18 3 10 78 55 96 34 74 5 99 70 64 26 80 4 57 75 64 74 85 98 54 77 8 80 19 60 73 2 95 39 53 73 55 73 33 80 36 84 57 30 82 49 5 33 82 98 34 63 82 17 42 79 34 0 70 16 88 81 93 31
41 49 25 6 12 8 1 74 48 77 98 5 82 21 40 81 49 33 94 86 17 25 79 11 56 23 43 41 76 98 72 47 75 17 50 49 80 11 63 80 33 28 73 20 82 10 77 38 38 31 33 82 75 12 70 48 4 3 16 30 86 9 16 50 67 86 63 66 75 98 13 6 22 78 65
21 20 65 49 33 67 9 18 81 46 85 53 77 71 56 4 29 59 63 64 1 55 21 9 37 83 90 65 69 19 35 87 82 86 32 50 29 74 10 66 12 39 0 34 83 92 41 24 56 83 97 60 20 14 94 80 10 14 86 69 93 41 58 14 89 69 53 38 63 19 31 64 56 2 89 15
68 79 72 0 4 18 22 32 70 81 60 23 92 93 61 95 1 91 16 11 28 48 11 43 38 32 60 41 35 2 64 46 84 13 34 79 49 20 66 56 55 58 76 46 69 96 65 25 53 89 13 45 97 77 58 2 10 75 28 32 70 96 82 41 74 80 22 37 4 20 65 88 75 55 18 18 15
99 33 29 85 23 36 41 29 2 90 92 0 75 48 74 93 12 90 18 82 83 74 87 23 27 63 84 63 56 77 95 20 57 5 46 54 6 38 2 24 44 11 83 24 29 36 6 96 18 43 59 1 23 31 89 63 57 97 84 19 31 74 28 14 24 54 63 4 9 86 1 54 3 78 25 20 83 3
53 46 58 31 91 18 18 4 46 91 98 61 88 82 30 85 53 10 94 14 66 66 64 42 21 18 75 2 61 46 35 38 6 61 19 93 85 78 50 98 71 93 9 57 44 96 8 37 99 52 68 39 38 24 60 99 7 74 99 75 86 2 1 29 54 63 71 86 31 92 34 61 27 36 48 92 20 22 81
39 46 60 5 96 14 7 84 80 94 21 56 93 62 91 67 27 28 54 24 92 28 80 15 72 82 27 25 42 56 79 86 43 89 42 18 29 16 98 8 59 27 6 14 20 44 49 51 49 81 52 30 81 96 51 7 76 70 80 48 68 32 83 46 16 53 62 56 38 51 21 0 57 2 99 53 88 7 65 40
59 21 54 39 63 7 60 41 41 16 73 3 12 77 43 45 51 81 68 61 47 27 5 45 25 70 2 96 46 29 66 58 56 59 21 89 36 96 15 5 58 55 23 36 87 89 18 80 60 38 63 97 1 68 1 90 29 43 60 40 80 33 48 90 41 43 67 77 83 77 49 12 32 65 91 9 74 97 93 82 78
71 1 62 66 30 10 95 30 75 13 62 52 87 76 43 10 39 93 95 65 41 50 29 55 14 51 56 48 93 79 99 38 29 32 54 76 1 83 13 75 91 13 83 45 46 57 17 74 88 19 51 12 20 56 64 70 55 60 81 61 78 13 43 20 64 54 58 58 73 44 19 74 77 60 22 31 20 60 61 22 76 40
48 57 26 54 5 62 19 30 42 9 66 50 79 3 23 69 78 48 6 2 21 36 1 46 97 2 44 0 41 1 91 70 67 69 51 97 1 2 95 36 57 57 83 94 50 0 14 10 61 82 24 93 75 48 14 19 14 15 22 98 80 37 8 72 96 23 99 19 11 68 31 0 51 79 7 70 28 14 46 53 49 29 95
59 26 59 45 11 51 0 34 49 27 27 40 37 51 87 78 76 3 46 66 1 72 37 40 89 65 30 10 14 28 99 27 34 97 57 73 13 40 83 4 21 91 78 54 83 64 85 77 34 98 80 64 2 56 66 92 3 10 84 80 69 3 98 36 58 24 53 43 39 95 39 80 87 9 0 11 84 10 61 38 28 23 15 50
77 54 65 57 5 78 76 97 22 82 97 46 62 23 8 70 31 26 80 90 38 61 10 70 33 34 0 82 19 26 99 96 80 7 37 53 67 37 77 39 37 16 56 69 34 47 14 67 94 46 38 94 58 41 95 0 10 32 32 77 81 23 8 1 20 43 31 2 23 48 88 66 65 15 71 38 51 99 18 74 32 39 93 76 12
19 17 77 19 36 35 43 18 23 21 18 41 54 88 66 40 22 68 37 4 9 99 31 28 11 6 53 10 97 82 12 72 98 33 80 68 33 96 17 77 85 15 90 99 16 45 91 79 23 98 21 76 87 30 33 2 40 75 55 58 71 4 3 60 26 26 81 73 9 99 97 90 97 77 73 38 24 29 96 58 48 26 81 10 44 90
32 84 85 12 26 72 6 58 63 87 48 78 61 86 70 80 56 2 36 60 61 66 79 64 4 97 51 80 86 31 38 58 33 30 54 67 38 94 26 86 33 2 55 14 40 3 24 8 19 84 9 72 68 47 29 30 57 2 42 47 55 1 63 6 74 45 72 84 40 79 55 88 57 43 35 33 29 55 17 77 12 84 24 53 94 13 74
63 38 4 77 64 89 41 80 78 61 40 73 20 88 15 37 86 4 90 20 68 48 24 11 37 97 11 21 98 0 71 65 31 91 72 74 2 59 67 65 42 96 40 99 75 29 5 51 81 92 21 71 75 14 72 60 79 0 4 17 48 29 11 83 31 96 88 79 74 58 82 73 94 85 88 14 9 60 23 18 42 78 83 79 1 79 84 54
3 38 40 87 86 82 7 40 69 97 92 99 12 49 32 53 27 14 40 80 17 68 23 54 92 15 45 92 3 70 57 37 49 44 66 63 65 74 44 20 71 25 82 35 67 25 56 42 48 45 73 75 56 78 62 63 35 17 89 55 1 8 57 3 5 77 39 77 65 6 63 3 8 34 61 81 64 10 13 53 61 96 74 26 14 5 0 72 7
50 67 83 19 16 69 62 32 40 21 62 89 38 82 60 68 75 54 87 95 39 41 41 14 1 40 22 30 70 89 22 44 16 38 96 60 3 37 91 21 39 47 53 66 41 50 44 36 84 87 73 55 20 46 25 43 18 62 77 61 88 53 46 14 33 46 46 44 84 48 46 95 32 82 43 56 15 79 95 14 13 4 45 21 7 82 24 84 41 32
69 14 0 56 25 14 95 23 30 1 48 72 15 24 33 57 98 19 54 85 1 20 18 12 1 37 41 59 7 90 81 7 94 55 29 6 22 74 72 11 63 17 82 68 85 67 57 61 12 18 51 71 5 52 52 39 8 58 24 18 50 56 90 22 26 30 36 55 83 40 10 15 49 40 3 31 85 17 0 92 32 89 8 91 85 92 41 13 22 37 20
23 64 1 71 98 15 83 57 74 81 63 3 57 89 44 79 31 15 0 93 9 67 26 93 11 75 31 94 0 92 54 40 94 79 19 2 98 16 83 66 33 28 7 74 28 89 83 93 98 79 10 14 65 20 27 97 37 7 74 31 17 93 80 1 11 93 30 66 82 74 22 46 2 60 17 70 41 23 21 93 5 72 41 30 83 59 4 89 27 95 67 36
2 49 4 22 13 87 32 47 11 91 56 27 11 13 3 33 47 87 7 48 85 64 75 9 48 48 99 64 15 85 68 6 14 41 78 44 14 48 34 21 92 81 92 14 22 14 51 14 2 96 5 86 56 77 7 95 59 80 62 3 39 59 23 91 86 48 25 34 76 54 81 72 34 76 87 6 68 48 28 73 87 37 87 22 83 76 18 16 40 13 53 69 48
94 34 0 1 14 30 17 29 27 84 92 40 10 28 3 9 75 74 74 26 61 68 88 42 4 94 44 20 10 45 3 94 29 52 58 88 23 28 84 7 48 27 65 95 61 80 90 37 42 85 64 73 77 13 2 12 67 96 51 58 28 82 29 41 39 45 95 73 76 37 92 43 73 18 95 17 12 19 15 68 79 41 49 42 95 86 69 83 59 73 61 47 21 68
42 5 63 50 68 63 36 23 29 70 82 1 42 49 71 68 45 66 64 18 96 45 58 18 47 94 13 64 86 2 84 54 10 65 94 85 62 35 79 26 14 10 26 80 66 28 23 96 69 66 46 89 33 21 78 66 32 24 73 17 82 91 5 45 62 11 60 68 47 88 49 67 87 60 34 60 35 41 31 91 34 34 49 25 96 2 68 37 96 19 34 72 65 99 77
57 90 97 41 34 41 27 39 94 61 47 2 68 89 97 55 52 53 48 36 66 93 93 67 20 13 77 82 77 63 69 47 45 73 97 56 99 22 50 56 39 24 61 22 20 52 62 4 29 77 98 49 16 84 33 71 63 98 59 23 77 32 46 95 54 83 9 38 87 96 56 76 49 47 89 33 72 72 83 28 3 67 90 62 35 29 55 45 14 97 65 74 94 33 29 81
99 13 14 43 54 57 74 80 25 47 55 93 36 46 21 97 69 47 25 3 7 32 42 55 68 14 95 99 78 44 94 30 98 23 85 31 69 59 47 71 86 7 70 52 8 20 71 35 25 40 31 58 33 34 90 23 62 46 93 85 36 34 66 41 28 12 88 45 82 41 96 85 5 52 91 87 53 43 34 16 3 42 60 18 7 73 40 1 39 32 63 49 52 63 52 26 76
13 52 99 75 82 96 79 2 21 83 65 41 19 45 98 53 98 64 22 51 66 35 67 0 85 5 7 78 96 53 34 76 21 16 67 27 96 59 99 17 3 40 48 14 89 76 40 21 76 99 55 24 93 12 47 29 69 59 71 99 91 0 27 29 29 58 38 18 90 50 55 89 29 59 74 79 39 68 63 87 71 89 65 22 3 22 64 14 63 84 25 45 10 94 23 14 0 89
27 56 48 8 99 70 4 84 0 40 3 84 58 41 7 13 51 86 30 25 91 18 27 98 32 66 47 13 94 84 55 80 80 81 10 90 9 38 71 87 54 21 91 77 77 17 69 81 22 18 75 26 90 25 7 43 49 37 23 76 31 99 38 69 47 2 47 19 3 91 47 32 95 59 53 90 20 15 61 59 71 24 67 20 75 25 72 4 32 18 15 12 21 47 4 30 61 98 1
23 88 50 91 19 57 88 15 79 56 48 66 65 23 62 96 36 42 56 8 85 17 5 37 96 79 51 37 89 62 16 63 15 37 94 12 3 18 58 75 53 95 48 37 25 49 62 67 97 13 59 3 99 3 30 59 1 54 8 26 84 2 82 13 54 8 4 42 18 75 88 51 35 44 11 65 0 92 7 73 19 74 37 8 36 4 62 80 89 80 33 30 48 68 40 51 17 51 68 44