# seed: 1995693333
77
43 25
76 32 22
53 64 90 84
27 71 95 59 82
63 90 82 86 94 34
64 8 37 31 16 58 19
44 35 24 17 99 41 10 17
61 57 76 78 98 27 81 4 17
41 79 67 6 40 34 25 73 62 55
66 32 44 97 7 77 16 17 57 54 48
7 63 94 59 81 84 33 97 98 0 51 51
0 28 41 34 24 77 45 16 19 48 34 37 23
73 97 71 62 92 95 13 56 57 78 82 36 72 34
62 45 67 46 35 3 21 56 46 92 1 8 82 34 95
40 1 83 80 20 74 89 28 37 34 76 69 43 15 1 15
66 28 56 67 41 94 22 33 19 2 29 98 88 51 58 32 94
83 74 0 17 54 13 74 56 77 87 83 92 50 4 54 28 33 36
33 10 20 16 22 29 17 48 19 66 92 46 1 9 64 20 10 26 99
6 70 85 65 19 97 68 23 46 3 12 12 24 0 28 41 81 83 58 47
49 89 42 9 46 8 56 70 36 94 18 44 77 13 80 75 86 84 97 93 10
19 27 86 22 22 18 92 70 84 14 93 56 3 84 18 39 43 92 96 11 91 40
74 96 69 12 73 65 86 33 69 16 95 72 45 35 87 70 71 89 77 70 69 88 22
64 27 51 84 88 42 37 90 58 86 73 79 45 73 31 59 42 47 84 25 48 99 74 56
38 8 36 77 98 42 73 77 57 35 16 93 4 81 61 46 74 34 54 52 43 55 41 98 42
87 54 87 86 51 65 12 12 92 94 98 85 53 57 17 9 47 44 84 17 68 36 84 1 34 77
38 99 5 39 12 70 52 62 99 83 62 77 36 18 58 75 23 11 84 2 34 43 35 13 79 38 47
65 59 56 96 65 63 53 97 88 44 62 79 1 91 62 91 13 68 93 19 35 36 84 50 81 63 26 35
54 96 84 82 46 64 49 58 39 77 24 22 5 31 66 77 29 6 15 50 98 27 81 68 98 57 57 23 69
60 75 86 48 73 46 98 73 70 25 13 53 10 92 57 90 48 6 39 36 59 83 59 4 17 66 74 41 30 50
56 15 86 55 1 93 24 52 2 22 54 63 85 36 4 42 44 22 12 81 48 37 36 37 7 10 44 20 4 66 51
46 27 27 69 12 80 63 20 83 98 10 15 53 85 13 5 97 53 14 58 33 90 76 84 9 13 1 21 78 65 51 17
45 18 76 56 39 55 92 13 78 95 21 74 70 79 15 59 65 55 50 23 65 51 25 55 4 49 45 34 6 48 67 2 44
93 71 0 68 30 2 42 6 40 15 2 22 85 90 92 95 27 65 19 12 89 73 40 2 47 77 39 15 94 30 15 78 39 44
40 55 0 4 69 54 25 55 56 64 68 86 31 74 72 44 41 47 28 66 53 77 88 90 27 76 83 92 76 79 7 62 29 28 18
90 97 50 98 70 24 9 40 47 11 87 62 55 21 39 34 46 9 47 7 52 19 2 66 82 29 0 44 10 10 46 48 9 70 3 40
27 77 82 84 26 86 81 9 65 36 50 57 68 84 92 96 14 86 58 29 50 74 16 75 71 0 11 38 71 16 8 18 83 51 97 41 54
47 29 58 79 42 77 2 52 50 19 20 97 77 34 30 26 76 64 74 7 86 86 11 42 55 42 44 22 8 91 75 94 22 49 32 29 54 0
29 34 27 76 58 41 91 71 18 9 53 43 12 72 5 66 17 64 15 64 6 44 37 32 46 84 23 36 35 62 24 3 74 47 99 24 94 93 65
41 97 87 98 82 33 78 68 76 34 23 4 3 9 4 60 76 18 71 21 79 92 91 62 66 44 37 58 58 9 46 23 0 2 28 60 16 42 6 36
1 62 34 82 58 36 59 29 7 10 36 70 1 85 51 41 20 45 78 64 75 73 52 72 44 74 52 21 5 90 88 5 39 95 18 13 77 76 88 67 13
51 53 17 43 48 16 99 91 71 21 85 2 8 18 52 56 98 40 35 22 77 68 46 51 83 17 49 53 63 0 43 53 69 48 2 7 93 99 40 29 86 14
93 79 18 9 72 10 95 39 52 70 12 17 47 89 36 37 94 53 87 7 64 21 24 47 89 0 42 91 67 4 64 89 92 27 65 64 8 73 72 96 18 49 81
80 21 45 8 68 4 9 12 20 95 35 92 96 54 79 61 30 53 66 19 74 58 81 71 21 91 12 27 13 95 52 35 32 92 98 79 12 23 38 68 68 71 21 92
2 93 11 30 81 34 32 48 77 59 38 31 1 49 0 62 30 73 71 19 55 71 38 67 12 47 35 57 59 21 29 93 85 34 25 15 83 48 46 7 79 35 17 74 23
39 22 91 41 86 24 26 78 11 60 26 88 68 29 74 36 17 56 91 38 29 24 42 94 14 36 12 75 63 66 42 49 45 76 34 27 28 98 9 52 27 59 41 9 67 35
39 40 69 86 54 67 91 52 6 27 66 30 54 53 17 46 5 16 98 91 29 85 30 46 88 15 19 1 56 69 66 46 57 15 44 27 73 34 62 66 39 77 48 96 63 21 86
65 90 76 79 87 34 10 71 30 37 8 5 68 79 90 82 81 79 64 88 35 9 66 35 97 22 62 5 98 69 91 75 73 14 88 31 72 6 77 61 46 22 26 90 89 49 71 60
32 37 64 53 38 86 87 98 98 90 7 49 72 57 47 46 76 56 29 7 69 17 84 7 88 38 70 73 68 63 48 34 96 51 15 12 28 56 61 79 8 83 59 79 25 42 58 32 50
4 70 38 20 51 87 1 78 25 40 28 69 13 61 70 72 38 48 41 4 95 40 83 43 57 59 3 59 18 99 14 14 34 56 25 52 71 48 86 48 84 7 51 4 99 90 6 89 41 32
11 8 6 45 96 92 25 95 27 44 35 62 66 32 67 3 0 88 35 25 0 97 37 61 19 89 77 32 99 54 36 31 3 34 42 98 11 6 54 22 60 85 94 11 30 97 98 6 13 69 77
68 42 78 87 59 47 44 10 5 42 15 36 48 4 40 59 29 21 42 60 18 44 47 30 34 52 4 55 6 55 64 85 31 72 69 39 12 88 16 39 51 22 65 24 92 11 40 25 85 48 27 0
80 95 92 5 95 98 53 55 79 28 39 49 61 82 57 71 22 74 91 52 97 94 47 48 75 39 43 51 22 38 49 97 95 16 57 93 31 79 53 44 65 64 27 39 58 48 31 86 49 60 32 41 79
72 94 80 12 45 17 98 92 9 85 47 77 72 34 23 40 62 87 81 95 8 44 28 39 54 49 44 87 26 54 85 25 58 45 97 76 72 6 46 68 19 46 70 10 82 71 7 28 85 28 19 81 72 14
84 86 0 31 90 22 41 82 41 39 6 76 62 50 85 22 27 52 2 65 71 8 39 59 45 34 98 99 3 77 11 89 47 73 22 36 46 38 65 32 5 6 55 60 47 27 79 41 45 94 16 57 37 49 87
8 48 18 39 89 66 89 86 61 85 66 64 52 14 65 21 40 65 49 16 40 97 11 11 19 47 69 96 98 76 5 13 28 93 32 3 85 12 98 32 53 41 59 46 7 90 17 14 58 49 88 83 85 71 62 13
15 22 77 37 61 29 46 17 9 96 5 2 75 35 67 70 31 48 27 37 91 33 82 15 86 52 27 15 22 1 99 91 91 10 10 29 46 94 18 96 17 21 99 48 84 9 73 15 81 90 15 35 85 94 98 77 52
51 26 76 71 7 99 28 97 47 16 63 19 77 61 89 74 0 88 36 51 9 40 96 85 78 45 81 91 60 67 43 92 70 1 30 81 94 45 42 10 60 64 50 10 22 60 41 54 88 11 20 93 55 95 4 1 70 63
3 32 0 77 10 49 65 72 93 60 45 70 22 51 99 72 96 7 95 7 48 38 94 40 39 41 92 23 60 38 16 55 33 9 76 58 53 73 7 28 1 54 44 58 43 30 10 10 60 9 58 22 45 6 30 75 37 39 91
51 19 40 93 95 52 45 63 27 53 26 2 88 29 77 68 85 85 56 18 13 2 76 11 84 37 26 43 5 78 40 40 29 18 3 13 66 50 21 77 83 21 6 48 88 15 81 68 66 25 65 38 1 70 49 96 46 27 93 67
96 2 79 47 27 92 75 3 4 45 51 63 52 38 3 26 56 50 33 8 6 15 37 36 34 79 3 39 92 24 57 0 46 45 40 89 97 18 72 52 42 35 6 40 99 48 50 39 20 75 37 80 36 6 15 86 57 23 74 95 57
63 93 55 70 19 96 65 49 16 70 40 50 17 67 64 20 46 43 73 57 72 50 65 61 43 49 13 28 37 75 88 42 88 24 4 36 80 7 11 80 57 80 47 34 52 85 40 46 32 42 6 53 90 43 30 53 13 34 40 13 29 26
3 10 73 36 7 44 52 16 60 69 49 48 49 25 30 69 98 54 75 75 7 74 57 80 31 39 17 85 29 75 79 77 3 43 28 27 19 18 36 79 55 42 49 72 37 47 89 25 33 71 55 42 71 7 1 14 32 4 82 59 50 54 51
7 88 6 97 74 73 66 22 81 72 84 93 5 81 52 91 32 50 74 43 31 76 84 90 9 38 20 9 93 12 42 62 93 99 78 69 17 21 17 31 77 39 23 4 32 7 88 90 59 62 15 63 97 8 45 28 39 12 42 10 61 35 84 26
17 54 13 47 64 87 74 39 91 13 78 79 15 71 7 1 77 66 70 21 86 44 34 96 54 66 47 24 44 99 42 52 58 71 80 96 67 94 41 46 72 57 10 73 79 7 70 91 59 58 98 82 76 44 20 16 22 77 35 79 54 19 22 72 93
86 46 0 10 23 26 33 59 79 38 7 56 17 16 42 76 68 20 57 68 12 17 69 90 52 41 28 35 77 67 10 49 17 28 94 85 98 53 38 69 56 23 88 74 10 21 89 28 62 27 83 99 67 27 20 74 79 6 87 15 27 13 34 71 38 74
98 12 75 10 54 25 35 9 65 49 78 81 96 80 35 84 35 31 30 17 39 67 27 42 39 85 29 20 21 70 72 88 97 54 94 6 78 59 16 24 49 32 45 16 42 63 71 27 58 89 65 35 63 76 62 24 92 71 37 96 21 2 16 21 99 85 18
56 68 76 99 91 53 53 38 58 57 2 83 55 83 25 96 10 73 18 2 37 67 0 61 17 3 40 88 1 3 83 80 84 78 19 89 15 32 62 70 72 60 56 73 61 24 46 19 24 63 56 51 97 68 43 54 32 60 87 30 46 50 41 76 6 2 97 41
63 7 85 69 76 87 65 88 17 5 10 97 87 51 98 83 47 94 53 8 52 70 20 6 90 7 60 2 14 58 85 67 72 49 8 59 92 94 82 13 31 15 64 47 77 3 73 68 92 30 3 31 97 82 66 2 74 22 34 13 60 8 16 3 6 59 88 20 63
41 10 34 78 45 51 65 28 9 20 81 24 83 79 30 63 57 38 68 73 85 88 55 85 98 93 54 80 41 97 75 45 40 46 10 34 8 21 31 43 80 68 59 66 54 54 75 46 37 82 3 96 9 54 14 31 71 68 27 59 86 23 13 99 95 69 1 1 72 40
60 99 35 20 92 99 30 16 16 34 8 69 0 91 93 55 63 80 82 14 87 83 43 22 86 27 6 19 52 29 4 30 90 70 12 24 22 98 36 57 90 24 1 44 77 33 79 5 9 51 61 26 88 55 95 18 2 75 13 5 1 66 57 81 99 5 30 57 97 65 55
33 32 35 31 85 8 7 95 95 78 24 71 68 92 92 22 59 28 18 96 75 82 26 18 58 75 25 56 90 63 53 92 79 55 2 80 12 1 1 54 80 72 99 63 89 2 70 93 24 46 68 31 55 91 71 19 85 8 9 36 68 6 57 71 1 12 83 10 84 78 50 79
46 12 45 23 49 91 64 64 71 26 21 46 3 15 21 86 50 76 57 37 70 57 87 75 57 53 22 27 41 45 99 87 99 82 0 6 38 38 63 54 2 37 17 65 35 73 18 52 73 24 5 27 84 33 48 60 85 34 33 30 48 5 44 98 16 21 30 44 95 67 35 20 11
90 88 81 58 56 15 32 65 80 49 46 67 68 23 15 59 61 97 86 88 42 64 59 22 34 14 13 89 42 59 61 48 55 31 8 24 89 43 83 56 36 26 50 63 28 54 4 44 28 91 69 85 69 24 30 79 18 80 77 50 56 24 90 82 70 53 87 10 90 24 48 80 8 51
90 2 36 58 2 32 8 90 22 84 93 19 92 8 30 56 4 33 35 26 39 53 72 93 62 43 2 75 21 7 47 27 40 26 65 66 97 59 29 86 53 88 26 87 81 65 65 39 90 15 86 92 82 37 16 49 34 63 25 16 42 3 58 52 23 31 82 44 54 37 95 83 90 58 93
58 16 49 70 79 27 75 6 11 86 58 72 33 77 95 56 46 92 13 93 25 7 76 43 21 49 42 57 25 9 41 72 40 74 26 24 6 71 66 37 19 73 52 58 43 17 83 50 2 34 50 99 43 12 33 60 16 37 66 72 33 54 90 13 74 54 67 8 99 86 23 30 7 23 31 91
4 40 45 83 16 69 32 38 12 7 47 18 6 67 89 56 13 53 96 12 24 33 11 26 6 60 42 61 36 93 94 95 29 24 91 16 51 37 84 52 18 90 65 88 15 82 58 85 71 14 63 19 58 18 4 77 59 45 68 99 62 55 55 10 1 47 69 39 60 33 5 10 7 98 51 18 70
91 83 86 50 21 8 28 35 86 92 86 78 9 92 23 28 60 92 3 64 83 10 59 50 21 17 8 9 59 66 81 84 49 38 81 26 6 34 11 60 68 52 66 39 20 55 53 63 40 83 7 46 62 6 97 26 63 3 77 3 9 66 43 81 97 0 48 23 25 93 98 72 77 24 3 15 86 76
29 46 49 58 90 59 62 90 6 44 76 71 22 57 12 33 98 12 71 14 24 97 62 66 19 64 81 80 69 33 80 72 40 82 24 86 44 28 21 97 43 92 34 60 51 48 5 81 70 79 58 54 44 25 21 37 77 88 2 48 58 21 24 97 5 83 79 35 85 35 45 80 88 77 45 59 28 74 14
66 65 3 78 29 30 13 22 25 72 24 87 20 92 39 51 98 24 77 98 97 92 22 65 50 47 43 40 37 45 5 80 83 69 55 20 67 76 27 25 18 81 55 90 16 20 35 34 20 6 7 32 8 22 32 96 75 46 0 16 20 89 48 92 48 29 9 32 39 59 74 31 24 19 2 67 80 18 9 35
29 21 14 46 32 23 57 60 8 40 14 96 89 46 63 60 70 34 21 41 35 35 66 58 0 66 0 59 31 33 14 83 37 47 61 3 16 95 93 28 16 81 38 29 72 38 14 89 28 67 56 63 2 19 28 67 14 70 42 10 55 47 65 55 99 28 93 72 94 25 53 16 40 6 83 99 1 53 33 8 3
24 82 43 43 25 46 3 85 20 36 83 90 54 26 45 7 10 30 93 36 18 55 72 7 1 78 88 76 65 49 47 34 9 63 37 56 35 2 12 97 47 37 27 57 35 73 43 14 27 0 89 96 78 57 24 77 33 91 7 29 24 16 4 57 71 58 76 87 26 50 7 62 27 26 65 44 90 62 87 39 91 10
88 76 13 98 27 39 23 65 54 11 71 12 73 57 76 48 17 53 29 40 17 81 41 59 46 64 54 89 47 62 12 0 63 21 31 78 7 36 37 21 13 12 90 36 80 93 95 45 87 23 42 67 20 58 72 47 77 79 84 3 1 16 72 44 70 83 43 13 15 97 46 95 73 66 93 12 36 58 89 56 99 15 23
24 34 32 96 19 3 62 16 2 67 81 46 68 76 18 42 71 79 37 26 22 22 87 67 24 24 87 36 58 68 58 41 29 25 99 33 15 71 44 70 0 24 3 66 29 37 6 12 32 99 40 42 55 95 37 22 72 78 20 3 50 55 15 24 72 67 96 88 14 50 23 46 56 75 20 17 10 90 47 9 17 68 83 8
30 73 77 8 85 89 66 94 22 99 76 75 7 42 30 28 81 79 54 27 82 22 44 50 20 71 85 40 69 8 41 98 38 31 47 49 82 84 88 65 16 41 44 68 36 72 25 33 60 75 32 35 22 16 50 81 11 47 0 15 28 0 63 80 64 1 35 35 58 17 27 41 88 69 15 1 82 96 14 64 34 58 95 72 49
61 38 23 58 91 39 32 18 80 0 85 48 41 17 24 27 7 86 21 71 18 44 79 93 33 84 99 24 43 77 90 89 20 97 78 94 6 64 83 35 4 13 56 13 44 45 14 1 34 41 78 37 92 48 14 62 89 76 56 18 10 3 27 4 7 26 36 59 97 25 22 27 68 88 60 56 20 55 66 62 10 77 91 54 80 0
77 95 95 93 75 71 80 98 17 65 77 70 17 76 51 15 15 43 69 32 34 69 21 54 63 71 86 94 71 93 54 50 53 74 42 67 18 56 5 52 41 76 14 76 23 10 45 50 76 22 65 58 72 63 19 60 48 85 84 78 97 46 5 11 26 46 4 59 63 25 92 70 87 41 10 32 52 17 26 71 43 36 61 25 49 31 60
47 4 47 71 19 98 31 61 3 16 66 96 37 46 5 29 91 91 77 53 55 39 80 71 16 8 93 70 2 5 45 39 89 80 17 7 25 80 46 3 50 7 77 22 47 33 41 33 17 96 74 35 92 41 92 59 93 65 41 26 95 65 16 58 88 96 31 92 67 46 80 99 24 22 68 22 35 30 44 72 67 11 50 80 88 25 48 31
48 52 60 34 87 76 81 81 73 79 5 26 13 93 68 44 61 43 92 92 85 80 44 89 61 60 12 8 6 63 14 63 28 18 79 19 55 98 87 37 88 7 43 17 8 79 51 15 16 64 10 56 40 75 50 61 94 83 95 91 2 27 92 62 13 63 76 23 42 20 24 82 17 70 30 58 47 38 25 35 83 49 29 70 8 0 69 67 23
44 14 9 89 89 98 96 26 31 97 28 1 49 93 19 24 29 49 7 66 29 5 53 60 92 24 26 42 82 27 20 33 38 2 2 14 82 25 38 24 9 61 32 63 17 69 20 45 20 88 33 54 93 21 21 93 87 69 28 93 81 85 20 50 90 0 67 98 33 33 88 4 30 36 41 96 80 14 10 7 22 27 48 27 25 74 53 80 39 84
72 6 34 43 77 51 12 93 46 40 7 30 13 40 42 46 53 25 94 77 33 68 89 14 28 51 65 99 80 90 80 83 54 80 47 4 98 28 60 84 64 20 35 39 70 53 13 4 38 17 84 33 8 50 3 25 14 64 5 46 20 83 94 20 86 71 66 89 45 25 37 33 17 23 12 61 98 43 23 72 35 25 38 28 4 55 20 45 88 90 54
59 57 15 92 57 76 16 31 21 98 38 53 12 90 20 41 59 74 62 79 0 83 15 42 3 52 5 10 52 55 92 82 56 40 86 75 44 65 86 28 93 10 11 66 97 41 60 75 95 21 54 18 51 76 2 54 73 37 25 68 68 76 50 20 39 85 16 83 16 95 18 91 17 53 55 60 64 63 62 28 38 96 63 32 29 41 44 1 44 10 0 29
60 57 13 29 96 83 29 52 93 75 39 59 0 42 92 85 14 53 94 67 27 46 93 41 10 46 61 15 13 44 4 66 52 67 4 79 49 82 88 2 27 25 41 5 11 37 17 15 70 69 81 85 48 12 15 80 91 43 29 69 35 54 1 75 5 91 84 13 44 83 79 84 71 22 17 47 14 48 69 60 95 41 39 0 30 53 71 30 14 15 73 57 15
73 77 87 85 91 92 43 21 18 12 59 99 12 54 67 93 0 97 22 32 7 22 26 84 70 35 67 69 80 89 18 41 69 87 91 62 97 8 54 89 26 25 67 65 52 65 21 51 51 17 41 58 37 28 38 79 71 24 67 31 45 20 81 72 29 23 76 10 87 49 33 88 68 20 60 56 43 45 99 96 33 10 71 70 97 53 97 15 35 58 54 8 2 70
0 69 53 24 11 7 23 10 96 78 59 98 53 72 91 58 79 54 41 70 66 36 5 68 66 99 38 26 71 44 47 16 30 56 82 52 31 56 64 68 7 46 56 67 43 13 86 13 32 59 28 49 59 17 51 61 53 60 1 38 55 11 24 89 71 80 56 65 31 10 13 66 83 33 26 95 58 36 74 45 19 79 65 45 50 16 93 21 74 46 68 3 2 78 45
29 72 30 2 8 78 47 0 4 95 3 46 62 46 79 81 3 38 76 29 73 75 41 62 47 54 61 58 32 12 51 98 5 39 22 52 58 41 28 88 87 3 63 87 76 27 96 49 94 75 80 48 53 9 88 46 67 52 84 79 63 24 96 7 40 54 43 47 77 16 90 68 98 92 30 98 13 12 2 48 26 86 71 12 16 33 61 44 6 12 31 33 75 59 40 4
27 13 46 3 62 82 48 50 90 41 51 11 4 98 1 93 64 37 63 68 92 75 41 42 32 98 52 81 99 34 95 42 73 55 15 27 21 65 30 9 62 82 71 89 47 77 53 15 15 98 90 58 43 91 98 51 35 3 9 37 1 6 17 3 62 72 45 56 37 51 40 89 51 3 2 12 80 5 82 84 68 60 8 98 90 52 50 23 6 38 2 89 83 54 31 40 31
8 49 65 60 37 54 78 35 97 32 45 16 14 85 43 70 79 91 53 97 68 20 90 38 99 25 77 26 84 95 29 52 39 27 79 29 70 13 19 41 39 52 92 48 59 48 52 74 48 92 55 77 41 92 60 57 63 4 75 91 77 83 59 7 38 98 81 31 16 23 54 38 13 11 88 46 81 5 66 83 62 58 3 71 76 6 56 15 9 35 66 56 57 14 40 46 28 71
40 44 81 70 2 76 36 36 77 59 28 27 11 45 49 39 70 90 84 6 0 26 21 0 12 82 44 16 93 97 9 2 32 46 98 97 59 47 98 48 85 75 3 54 18 69 38 72 95 37 59 29 39 93 72 12 77 45 94 73 27 55 42 46 12 90 87 72 9 10 29 23 49 50 44 83 43 62 63 61 62 32 15 94 73 5 76 78 6 96 58 57 64 28 34 24 16 68 0
44 32 89 21 52 27 11 93 4 34 60 90 53 37 82 65 36 71 32 31 4 30 13 97 61 29 9 93 83 81 48 16 71 72 9 64 16 3 88 59 87 15 88 63 89 77 41 17 89 95 62 81 75 2 55 87 88 31 53 44 16 3 6 16 95 30 81 72 75 56 12 94 2 42 70 12 96 53 71 98 9 2 41 8 47 54 53 8 49 44 33 82 59 21 78 92 46 76 33 81