# seed: -1452539588
76
98 94
47 32 19
64 8 11 62
3 32 91 49 51
43 73 76 82 69 78
24 15 10 24 88 50 42
92 50 33 58 45 80 89 50
18 62 5 64 68 93 81 26 77
94 35 80 85 89 38 73 55 84 47
32 78 0 17 94 59 24 46 87 58 37
64 75 59 38 18 76 90 48 19 22 41 98
57 90 35 52 83 84 7 53 90 3 54 19 6
35 44 42 21 92 2 90 21 45 82 4 19 20 38
91 25 37 22 32 39 26 48 75 58 70 17 89 62 29
18 8 70 29 22 62 75 63 15 26 18 69 5 47 91 53
62 11 15 82 77 26 38 34 14 77 38 5 66 97 44 41 36
40 72 28 11 42 80 58 92 5 6 23 48 9 20 97 56 52 9
35 17 30 30 92 6 35 7 83 1 70 39 12 22 30 16 59 39 15
36 44 85 8 6 39 80 69 68 38 10 73 12 62 50 41 75 27 93 15
54 89 67 54 77 84 78 22 3 34 59 34 51 41 70 67 16 20 41 86 28
47 90 42 0 43 90 91 40 83 17 41 42 26 71 38 28 30 74 93 71 55 15
97 28 33 31 4 66 74 42 42 27 68 7 35 15 91 74 52 91 68 56 80 43 95
90 98 45 15 96 55 11 84 54 45 24 96 88 53 32 15 3 51 15 77 44 17 7 18
45 56 62 55 16 68 9 84 71 77 96 54 66 78 56 90 44 98 35 35 93 18 60 25 13
70 30 87 67 48 91 16 29 63 37 62 79 57 5 4 87 37 89 11 15 69 7 88 82 47 17
56 6 82 68 96 24 64 9 4 55 55 31 64 58 69 58 75 75 0 54 48 53 49 15 58 55 13
85 99 0 38 41 5 35 1 71 30 79 39 96 26 19 34 27 7 9 6 83 61 98 45 32 36 18 52
75 11 49 72 2 83 85 22 81 53 32 95 50 65 55 16 70 60 21 18 20 69 97 13 42 24 19 39 8
27 33 40 65 83 59 1 28 3 74 42 15 36 78 30 59 61 99 39 73 74 36 26 85 69 99 68 81 0 21
30 21 86 15 35 61 60 72 61 69 92 14 84 88 2 75 79 12 16 0 95 67 40 96 18 91 48 51 89 56 81
46 31 23 57 52 42 99 56 28 7 36 46 70 10 87 44 52 0 96 32 65 6 93 62 73 55 33 25 56 98 65 56
61 17 94 79 47 94 10 66 87 76 25 96 29 18 90 56 97 28 36 21 7 3 95 29 82 44 42 13 54 81 78 55 22
56 43 85 12 41 7 26 60 43 61 95 92 26 67 28 71 80 31 16 89 77 8 55 85 34 77 96 50 95 60 20 32 77 49
70 61 12 22 56 57 32 67 55 34 27 55 3 92 35 85 41 4 86 9 14 49 12 67 29 52 60 35 86 77 84 60 8 7 62
27 4 9 40 67 3 48 89 1 25 5 21 6 80 43 48 30 85 34 54 6 66 23 16 47 25 12 95 40 25 64 41 85 3 8 62
73 4 1 0 11 50 23 83 63 24 83 80 79 4 4 13 1 8 52 67 67 61 77 72 6 29 32 80 25 32 74 3 78 29 14 67 3
54 36 45 55 78 64 51 32 91 31 49 60 38 62 64 40 91 60 7 13 49 10 87 79 74 83 62 17 12 75 28 18 50 17 65 78 46 80
27 88 55 79 32 32 6 62 9 74 81 93 59 86 73 87 41 71 83 24 11 6 35 71 42 40 40 91 82 28 63 74 97 72 90 68 20 56 65
27 29 37 77 92 4 11 45 34 11 97 22 67 11 54 2 82 0 13 50 80 49 22 86 36 80 20 10 83 37 92 70 18 3 68 66 89 87 50 64
76 2 60 68 65 53 24 18 77 32 36 35 30 20 79 98 59 70 64 98 38 14 61 90 42 13 25 64 88 11 74 7 20 52 69 7 66 98 44 75 52
4 78 7 64 62 12 36 94 2 36 14 62 59 46 25 88 97 26 31 33 65 88 21 15 26 56 17 94 89 22 97 6 77 95 11 61 76 63 44 65 3 75
62 87 89 59 2 11 28 40 20 44 12 90 63 17 52 25 17 65 58 67 59 0 23 7 1 59 93 34 18 42 95 22 71 34 3 40 46 40 94 66 21 57 24
47 9 73 98 83 91 48 18 62 58 21 75 70 67 40 78 88 57 50 44 33 67 17 54 46 89 35 3 58 52 93 42 52 99 27 52 31 15 25 28 35 57 30 86
31 23 42 2 34 46 19 24 55 80 9 21 27 14 15 95 42 72 26 49 34 56 96 90 49 97 57 17 95 17 90 91 55 39 80 93 2 88 1 45 82 36 6 72 62
82 88 66 83 61 33 1 30 53 0 43 81 33 17 12 13 26 46 29 86 78 82 36 62 28 59 72 76 73 53 84 0 17 7 56 37 7 86 59 15 33 74 53 23 84 95
82 53 56 53 32 92 84 55 98 62 62 18 69 22 15 32 8 31 82 16 60 55 14 34 71 74 37 38 35 10 88 93 1 15 54 64 63 96 34 17 24 48 9 6 84 68 32
49 29 22 22 30 92 27 78 19 64 42 45 41 64 59 27 53 44 32 85 46 64 31 18 87 85 42 2 6 53 97 49 38 21 1 73 98 58 67 20 86 94 51 52 71 37 2 68
45 24 55 92 12 29 69 54 45 13 27 41 74 56 11 83 17 63 41 14 67 68 4 91 40 78 21 35 23 38 19 87 95 75 60 68 94 68 10 21 91 89 40 77 83 80 4 93 4
37 13 74 9 16 97 31 71 19 60 78 94 48 38 5 5 93 55 81 67 75 62 75 13 92 75 99 8 95 89 99 49 83 5 36 54 79 16 68 93 89 33 52 51 97 14 88 29 89 69
18 15 43 96 96 79 87 98 59 38 75 45 57 2 53 65 82 3 33 99 42 0 61 63 14 51 9 24 90 77 15 33 48 15 92 89 4 81 1 73 85 61 90 66 83 21 5 42 53 67 62
67 89 78 6 3 80 89 6 0 42 36 28 72 83 87 74 37 8 19 94 38 96 80 46 30 45 1 0 63 0 12 58 64 58 1 21 20 45 58 79 21 84 61 31 84 55 82 61 24 82 49 75
59 60 20 40 22 20 45 52 4 77 18 5 21 4 59 49 10 74 81 32 5 48 98 69 7 15 28 8 81 20 27 40 15 39 56 60 42 34 75 64 58 97 98 14 32 38 86 58 33 19 63 4 90
38 58 89 84 79 63 77 78 9 45 87 27 27 68 6 46 49 98 21 72 84 75 79 43 22 24 21 77 27 92 41 81 2 72 51 4 97 84 59 45 45 47 34 65 88 82 10 69 72 98 26 58 17 78
26 79 28 68 49 23 71 35 61 90 45 74 12 10 27 22 5 74 64 13 61 91 87 39 64 52 43 11 39 64 29 35 21 68 62 13 31 58 71 32 73 72 62 35 55 98 25 38 48 11 63 20 15 88 4
94 60 95 87 32 5 59 59 49 78 5 17 85 30 91 30 12 21 69 33 43 52 52 97 99 37 6 72 86 88 69 99 92 25 98 50 63 47 86 96 60 46 63 70 59 31 56 17 27 42 43 90 26 4 21 9
70 94 81 97 36 53 29 23 84 89 48 74 83 30 29 24 37 6 42 64 63 33 67 24 52 5 75 25 16 75 23 13 86 76 38 45 99 73 68 13 52 22 78 98 52 1 4 71 80 64 82 83 84 64 71 46 63
13 4 86 77 11 37 34 93 71 37 60 73 68 70 89 92 66 84 10 66 53 0 56 60 93 79 71 52 45 1 8 14 73 64 78 1 43 48 68 11 59 80 66 31 19 92 42 53 47 62 10 13 60 8 75 58 44 48
84 70 87 60 5 38 33 29 7 76 64 54 91 37 68 77 3 38 57 53 5 66 66 92 22 45 89 41 62 81 71 31 35 22 26 32 43 81 56 52 67 78 20 26 30 38 77 17 24 56 51 5 37 56 19 9 38 58 21
85 11 14 69 33 30 84 35 5 84 79 88 61 81 75 51 52 2 59 88 92 84 71 84 88 80 27 14 63 39 20 71 66 43 8 61 85 47 20 1 16 52 68 19 39 33 67 39 69 55 72 15 66 50 97 73 15 75 22 47
47 56 28 44 84 73 12 81 62 41 62 13 88 88 6 51 84 44 74 51 7 80 12 68 30 92 60 81 49 9 89 86 60 64 40 54 93 30 29 83 19 64 34 34 5 20 68 30 86 0 16 28 29 26 88 45 25 41 2 64 59
12 94 14 49 9 53 36 27 70 16 48 69 48 16 53 95 32 96 69 74 27 54 56 88 84 63 63 59 94 73 71 11 97 26 73 81 67 7 43 17 88 68 25 0 45 44 61 7 31 34 24 63 4 98 43 62 88 57 51 48 73 35
25 55 91 47 25 33 88 26 18 95 49 42 0 84 56 99 14 20 42 11 87 39 78 37 36 22 3 40 35 92 84 54 47 70 60 53 56 85 25 31 30 42 81 62 34 36 39 39 29 38 36 58 66 60 80 60 31 80 12 9 40 78 86
17 84 77 73 63 8 81 3 48 38 17 7 51 3 9 20 73 77 78 78 32 61 87 71 1 13 57 81 91 13 75 98 20 56 6 25 58 94 88 45 98 38 96 96 33 3 99 90 9 59 59 68 65 87 48 12 61 85 87 7 75 36 47 82
42 68 75 78 33 46 99 79 66 3 79 40 21 77 70 85 59 10 45 5 20 94 55 96 5 23 48 21 48 56 54 98 33 3 80 13 81 84 66 25 98 36 63 94 43 95 46 66 28 66 8 38 25 68 19 53 51 32 68 52 76 85 31 40 96
50 75 25 13 44 65 63 96 66 31 15 10 3 30 31 34 36 93 91 22 43 37 45 29 15 57 52 95 42 67 6 27 80 62 55 2 58 16 50 78 72 47 99 47 39 31 26 26 31 3 20 72 1 33 47 5 9 33 41 94 56 26 30 50 77 20
11 12 38 18 88 42 90 36 57 5 5 17 38 93 40 58 8 5 19 3 35 33 73 4 98 80 8 44 62 5 30 14 96 2 28 0 79 34 89 13 18 57 2 36 78 97 62 47 27 93 49 66 70 7 80 92 36 30 28 77 53 99 46 98 71 60 47
74 2 88 8 90 93 18 91 7 12 76 45 53 99 95 67 48 18 65 96 91 66 0 1 36 39 38 42 42 4 75 61 68 73 50 92 31 76 29 98 19 28 40 82 64 66 16 89 35 29 45 36 28 89 61 63 22 37 33 73 62 30 27 40 97 12 42 64
49 13 53 0 72 28 11 0 44 8 27 3 19 62 1 53 35 45 25 6 67 21 40 63 48 82 15 89 30 56 3 4 95 44 15 21 62 98 99 64 82 39 21 33 86 33 68 82 29 69 13 22 67 41 8 21 26 44 63 25 83 43 56 37 77 34 26 76 1
68 14 29 57 73 62 55 14 2 69 88 69 70 33 19 53 91 35 54 11 11 5 70 8 3 83 90 36 51 3 3 48 60 74 4 85 30 69 4 77 61 18 29 3 8 96 64 34 37 70 7 72 24 50 89 13 99 47 20 47 99 61 89 12 41 97 99 27 24 58
30 77 2 18 84 88 46 39 95 30 42 13 71 59 31 24 9 29 43 80 38 22 45 53 17 81 35 42 65 74 77 70 87 98 10 49 34 34 53 97 26 69 91 72 55 50 99 55 60 57 47 82 20 5 6 31 29 51 63 61 91 62 9 24 36 54 16 71 54 83 81
59 55 91 82 75 13 36 61 66 61 1 63 16 71 93 69 18 47 94 39 85 95 91 26 98 73 31 40 91 25 63 41 48 68 67 53 23 20 82 65 66 76 53 4 80 94 61 27 86 8 33 85 60 41 86 66 9 18 34 78 11 38 68 94 73 50 94 74 6 17 91 10
67 64 88 40 65 94 33 4 96 72 93 8 93 80 62 93 31 83 39 42 42 77 72 20 97 53 44 79 65 75 79 33 19 59 40 1 83 42 74 32 56 27 10 48 76 84 79 64 20 4 82 92 76 3 22 66 49 97 73 67 53 79 14 70 49 71 55 26 58 79 87 74 81
21 27 81 65 38 45 31 43 45 58 13 57 99 95 49 37 86 13 90 8 11 57 88 51 29 1 43 66 15 4 10 20 50 90 99 23 81 77 66 5 18 29 95 45 74 54 25 96 68 63 57 15 82 15 92 29 9 12 88 79 93 5 54 88 18 77 90 32 9 42 24 13 82 5
48 64 83 71 57 10 10 96 70 31 41 52 25 60 91 90 42 33 78 39 80 74 0 33 7 71 79 5 34 84 3 54 75 70 58 22 74 56 50 0 47 2 87 24 16 36 87 97 27 92 9 29 1 81 70 38 69 92 63 24 23 93 79 46 36 36 80 79 51 18 71 99 51 90 73
96 77 36 21 35 57 69 95 19 88 70 6 87 11 39 11 41 17 13 4 99 8 52 48 15 98 31 12 64 78 45 38 47 76 36 77 96 3 62 54 69 98 20 38 85 72 52 18 71 21 3 32 34 85 67 15 33 56 91 46 96 32 41 98 62 24 37 39 34 5 96 13 28 91 28 24
69 65 99 89 79 90 84 72 63 97 21 76 98 68 99 38 99 69 89 22 47 34 83 46 83 15 19 41 59 2 13 37 36 3 85 70 20 14 59 96 98 87 78 83 16 0 71 70 21 41 80 41 8 97 49 8 4 21 7 33 2 24 84 13 17 51 88 21 18 54 69 72 94 30 3 89 21
77 22 63 93 25 68 11 64 26 20 71 29 4 85 2 70 61 49 4 83 19 53 96 33 41 54 64 5 61 26 49 13 79 21 49 37 32 91 61 56 17 39 93 86 39 43 59 46 60 75 70 49 53 76 33 45 60 45 52 69 13 72 28 42 61 83 40 11 46 23 39 30 26 95 80 18 61 22
92 22 86 62 55 36 68 45 0 67 79 54 23 75 59 18 65 74 67 69 7 88 75 99 84 12 72 83 25 26 40 51 46 63 19 23 95 47 52 21 68 10 34 6 35 50 36 46 21 60 67 66 52 55 55 15 12 62 4 96 8 22 8 40 96 35 50 38 82 28 29 58 37 11 12 9 34 68 78
54 46 65 51 43 34 10 10 7 27 62 77 53 93 50 3 91 27 48 28 94 95 77 12 9 68 73 14 22 66 91 31 56 3 3 96 75 96 23 49 2 78 50 16 95 4 54 70 58 54 70 89 68 92 40 79 71 0 92 91 70 41 28 34 69 9 12 25 51 44 99 34 66 9 69 77 70 32 25 70
67 33 43 64 47 19 62 60 22 6 4 16 24 68 78 75 66 27 99 95 87 72 46 91 38 99 24 47 49 67 56 42 96 97 89 58 20 21 22 94 3 57 37 33 72 27 39 7 98 26 21 90 82 1 51 75 90 96 97 35 8 32 55 34 11 1 51 51 74 90 19 97 67 46 12 89 84 26 97 8 84
96 37 30 40 47 68 34 18 45 74 17 64 74 30 34 62 50 34 70 66 50 40 1 52 7 92 5 45 17 45 84 86 84 47 82 10 62 99 37 54 89 35 12 69 58 68 70 83 55 24 8 79 73 2 43 8 95 22 5 26 56 11 22 34 71 3 94 64 62 53 90 6 48 34 57 42 37 58 54 57 88 59
80 30 99 37 49 41 59 69 48 49 43 35 34 38 76 94 40 25 19 30 67 26 95 33 72 31 41 92 51 31 2 47 39 86 76 80 89 25 89 65 35 34 21 96 4 57 64 27 66 2 29 1 31 6 69 31 28 5 19 54 43 99 16 86 41 48 60 97 94 23 53 38 90 58 20 83 24 55 22 10 12 62 15
3 74 98 35 69 42 80 3 60 8 76 87 46 50 95 82 98 0 74 26 44 24 36 82 40 90 55 22 91 36 5 7 28 88 11 76 41 30 63 5 57 17 2 98 6 61 32 20 20 87 0 60 48 86 1 97 67 71 43 85 51 52 49 23 84 13 35 96 5 43 39 41 58 66 84 61 11 99 63 44 66 3 64 68
45 36 37 71 68 98 62 54 49 88 35 21 51 65 99 84 68 50 27 46 55 40 68 13 7 91 7 72 78 85 9 89 96 61 91 1 18 83 48 81 65 42 70 27 96 33 87 60 15 23 28 22 20 77 33 9 68 14 40 34 14 64 49 95 75 2 79 31 2 94 21 75 8 60 80 78 44 20 60 62 21 89 89 8 60
87 95 66 17 12 95 7 63 15 23 55 64 30 46 61 24 23 21 56 21 22 89 70 67 37 64 84 34 13 59 87 89 85 62 95 79 1 72 59 53 44 75 4 98 47 0 59 12 98 76 71 80 42 34 91 53 54 20 46 18 86 70 32 5 34 46 53 41 32 94 6 56 14 41 63 82 11 56 41 65 44 82 76 22 82 30
25 14 3 73 3 2 90 37 80 37 89 51 66 39 90 10 40 91 14 49 67 51 54 11 27 64 91 71 15 37 62 38 84 73 70 85 15 41 71 64 73 44 11 81 13 85 58 71 52 59 14 31 49 73 17 68 68 21 25 19 77 59 15 78 16 23 68 6 83 87 45 8 64 56 73 60 67 0 21 42 48 84 20 58 12 4 76
44 38 32 85 66 50 24 17 89 88 36 30 46 94 12 13 24 21 23 52 0 15 19 71 62 99 90 2 40 84 89 99 30 51 41 67 64 37 50 0 39 50 39 79 66 0 9 87 53 40 46 99 81 82 50 11 76 68 77 30 73 2 3 17 91 85 75 8 25 90 7 75 93 16 74 87 47 94 77 51 79 68 52 85 96 70 70 14
63 5 84 39 15 9 50 59 2 42 75 70 25 93 66 11 63 28 39 46 32 72 89 76 13 79 43 8 43 14 53 20 44 0 12 85 31 1 54 72 32 23 77 91 93 71 60 32 12 40 19 80 8 37 51 15 76 64 5 0 31 63 17 48 83 38 17 97 85 43 40 73 25 64 29 94 91 40 43 25 25 41 86 22 93 53 89 51 35
66 23 95 92 96 62 39 62 47 18 5 13 71 31 82 8 53 94 34 56 83 69 47 93 39 91 82 25 80 26 81 43 43 21 62 59 86 6 65 64 75 33 39 47 52 71 27 57 58 5 10 24 76 93 21 80 18 80 30 54 3 91 1 43 9 3 86 30 12 19 29 63 6 80 70 67 6 5 51 1 31 74 83 8 40 16 16 72 98 91
69 79 10 54 71 8 17 20 18 74 78 72 68 71 76 40 90 50 33 60 15 15 31 89 46 6 74 33 56 70 87 89 67 44 99 18 98 9 11 26 78 12 21 10 94 73 61 53 99 98 74 60 74 57 60 30 92 76 34 48 33 49 36 37 44 36 45 20 26 19 75 31 66 74 56 28 6 77 20 14 1 76 5 61 93 92 80 20 7 96 97
69 86 47 47 25 56 81 81 29 57 37 49 31 90 62 52 34 33 26 11 65 17 64 57 52 80 78 37 28 41 11 94 33 91 60 30 55 84 42 1 90 37 48 93 88 95 14 68 52 83 25 4 20 25 67 70 80 62 67 17 38 97 98 2 55 66 49 15 96 79 23 37 22 47 15 71 24 95 88 64 71 91 17 37 48 99 99 72 53 36 18 9
38 31 95 4 11 69 17 60 80 93 64 23 34 38 91 66 84 84 94 93 69 18 95 96 88 70 78 28 68 50 48 9 47 4 60 89 2 49 17 14 58 98 5 74 49 59 76 0 12 33 86 6 1 96 82 2 70 6 82 42 84 63 64 57 3 10 0 88 74 57 73 69 68 10 86 23 30 22 37 47 32 14 62 36 8 76 35 15 12 99 73 65 61
0 11 41 32 15 2 1 10 66 36 45 52 13 55 84 40 10 22 65 99 67 28 2 28 23 37 47 35 22 29 93 31 65 36 21 3 50 20 53 39 64 18 78 87 43 84 33 64 96 96 40 55 89 59 40 44 56 65 54 51 1 60 87 67 1 16 25 35 19 93 75 99 42 73 4 12 17 17 85 52 28 11 21 6 26 26 47 72 57 74 60 4 50 0
38 4 21 10 56 58 98 64 99 48 21 34 63 81 66 50 76 15 29 50 76 12 24 87 10 96 95 73 88 53 24 59 42 6 89 23 80 66 87 3 62 25 53 51 79 44 70 83 63 74 76 58 49 27 86 61 2 33 37 33 4 55 31 0 60 82 92 39 35 24 38 57 99 79 69 64 59 58 57 44 41 27 85 98 80 69 44 48 50 94 29 87 78 82 15
62 19 87 95 25 83 88 12 14 39 80 18 48 33 99 31 2 82 28 75 43 21 39 34 67 74 96 96 67 4 34 60 19 24 41 30 93 30 1 0 53 65 11 84 80 55 71 80 87 27 72 87 84 68 57 88 88 59 94 29 64 40 58 35 26 6 20 44 96 61 61 14 88 22 28 34 19 42 33 57 72 11 20 89 86 52 71 75 86 36 71 26 90 55 92 34
62 13 77 14 18 96 18 2 66 57 12 77 90 74 22 1 85 91 35 80 16 35 53 1 93 98 18 84 23 38 22 63 9 6 15 56 2 67 0 92 99 42 90 37 52 91 2 64 39 54 61 33 91 3 42 28 21 28 84 38 24 83 60 97 10 49 58 41 40 14 61 92 59 86 86 17 74 45 37 38 8 25 70 75 74 38 19 47 70 11 3 2 63 19 96 96 85
72 74 26 70 53 96 71 42 32 0 62 64 40 98 95 57 3 79 32 34 66 64 50 72 58 26 57 8 73 64 52 70 26 32 79 5 8 40 7 52 37 73 44 25 48 75 59 27 68 51 81 51 4 12 25 67 9 18 34 74 31 74 78 9 96 15 63 19 70 98 70 25 88 16 90 93 93 22 7 8 93 38 93 32 20 41 5 15 65 81 62 34 68 68 88 18 12 84
31 8 17 38 47 33 5 81 57 45 74 88 97 82 69 48 70 77 82 97 72 28 25 29 45 31 43 98 64 57 25 81 22 59 63 55 70 56 25 49 21 69 45 80 19 99 24 10 57 63 2 5 20 58 13 93 50 74 10 66 17 26 24 28 17 1 25 91 48 35 31 59 73 24 92 8 84 29 71 11 42 6 88 25 88 42 70 86 2 70 79 34 35 61 20 40 36 2 0
84 71 20 8 51 94 66 21 54 72 90 54 72 36 61 0 40 32 2 71 75 5 88 63 55 74 66 78 54 19 56 22 83 89 80 27 49 23 4 78 27 35 92 87 67 12 49 21 83 24 11 13 80 34 64 11 25 35 77 97 37 73 26 88 15 16 27 40 66 49 62 44 59 50 34 36 6 81 5 81 95 52 61 75 45 74 89 37 52 84 78 9 73 75 46 50 90 94 30 80