# seed: 101326765
53
57 69
20 31 98
82 7 39 0
10 50 41 76 0
49 41 7 56 0 44
70 18 83 51 49 67 72
80 54 53 27 19 81 74 39
77 21 82 82 13 18 6 75 61
83 27 16 92 32 54 42 10 20 2
13 87 36 71 69 86 56 94 35 7 76
83 6 96 99 38 97 66 68 11 17 18 65
85 37 70 21 91 62 51 7 71 66 70 53 43
29 16 27 20 66 25 0 65 92 29 92 13 96 46
88 63 12 78 39 96 98 58 74 23 51 39 86 65 80
57 23 30 67 18 64 88 27 66 19 7 81 22 19 31 51
97 72 51 63 47 1 39 29 49 15 81 22 58 98 64 29 66
26 37 0 56 80 79 16 21 44 2 6 44 17 41 6 80 88 46
82 91 34 66 28 49 89 94 66 32 59 80 83 56 30 32 95 50 84
72 87 11 27 94 15 27 50 29 33 63 66 14 26 12 79 78 41 38 47
25 96 9 49 54 16 80 84 98 89 72 47 71 62 31 1 94 3 26 86 45
64 77 56 27 35 71 20 89 95 50 21 52 19 33 28 45 38 89 91 96 29 29
27 0 84 58 93 51 26 67 68 72 63 82 25 27 84 92 93 89 98 56 96 96 48
96 63 4 75 91 43 78 20 11 30 31 29 3 11 37 82 5 5 37 62 15 86 0 38
39 26 17 93 69 63 12 3 33 99 49 50 63 93 7 49 0 94 73 92 90 24 35 20 75
9 19 73 35 65 50 4 36 42 33 14 75 74 58 43 18 60 4 70 68 80 44 69 6 95 32
43 48 42 10 19 55 40 39 41 2 96 98 47 71 66 77 16 46 29 27 92 17 54 7 97 75 44
76 12 23 87 54 57 88 11 18 44 15 14 26 0 9 14 88 6 8 98 97 35 57 9 34 91 64 76
47 66 31 53 53 57 60 0 74 6 71 55 46 22 33 6 29 87 47 8 36 70 70 10 78 99 96 41 85
92 1 88 37 72 41 8 33 21 69 39 0 30 72 64 51 98 51 25 14 2 9 93 57 50 23 81 30 96 24
69 57 38 29 16 28 29 55 4 88 15 78 28 8 25 91 4 17 59 34 31 51 18 46 33 12 67 53 77 99 94
40 6 85 77 16 73 68 76 0 45 56 27 7 55 66 3 13 54 19 27 82 12 11 49 59 20 69 32 30 8 68 37
80 22 71 19 26 78 53 25 22 95 46 2 40 75 15 16 77 79 66 90 95 28 47 12 27 79 27 42 44 78 21 29 73
88 28 13 71 33 51 88 29 75 77 16 24 53 50 64 7 73 22 45 32 90 61 56 38 61 23 77 28 85 35 42 94 93 91
85 42 28 46 53 97 76 19 88 89 13 34 55 56 30 26 67 79 75 78 11 9 66 44 0 22 27 44 12 20 63 1 31 53 88
83 92 15 91 5 91 90 87 73 9 4 6 3 53 59 63 31 39 31 10 16 15 2 38 6 23 10 29 30 30 3 93 49 13 98 66
91 0 50 11 75 6 26 87 33 43 3 13 79 26 80 58 48 31 56 16 39 67 21 7 97 11 79 94 44 8 95 39 56 80 2 72 14
30 54 11 3 52 69 75 50 86 61 21 63 68 84 33 37 36 40 53 47 86 63 72 44 65 9 29 97 82 27 63 79 5 81 49 2 45 47
11 68 13 30 0 79 93 81 47 47 54 79 32 76 89 53 7 49 56 61 69 29 51 79 20 43 92 22 22 77 17 50 30 41 33 77 53 25 78
9 72 89 90 59 99 95 31 2 3 31 29 66 37 97 15 3 35 93 5 1 92 73 56 10 24 62 13 93 18 4 57 42 33 0 94 3 98 9 66
58 64 11 64 12 35 33 33 67 91 93 49 95 45 58 40 68 64 81 56 71 86 58 27 98 98 82 83 23 30 34 10 33 93 79 53 44 23 21 53 63
26 11 84 63 77 76 22 85 44 72 40 65 98 48 75 51 11 53 1 92 26 17 88 31 12 65 89 41 23 84 60 22 62 71 51 30 90 54 41 20 42 62
84 23 36 17 42 86 55 12 53 34 6 11 16 28 55 76 10 72 13 98 66 14 27 77 72 39 34 33 2 52 83 43 55 71 46 67 51 64 7 67 41 48 31
84 77 32 14 4 69 68 72 45 30 94 43 50 73 94 52 40 76 53 2 67 99 48 92 83 87 39 75 14 67 38 79 99 79 42 27 98 22 97 13 83 48 93 72
49 28 40 93 0 93 70 85 10 83 55 96 64 29 52 31 25 85 32 56 73 44 92 8 88 62 40 75 13 5 64 28 53 62 72 51 25 21 93 30 21 87 26 68 31
99 2 71 56 61 59 86 50 37 72 30 44 35 20 2 70 45 0 65 72 96 95 40 55 69 44 54 87 47 69 7 96 41 7 70 44 41 67 47 65 88 8 33 92 66 46
30 31 55 23 87 22 36 40 95 73 8 97 29 87 59 66 58 94 44 38 29 36 99 82 9 63 89 58 1 82 36 37 55 32 80 90 44 73 60 4 89 59 75 54 34 75 19
44 27 50 71 46 96 52 41 47 95 8 83 19 14 93 47 89 70 40 35 29 34 30 47 42 53 43 90 44 15 31 27 8 8 52 91 61 91 88 85 51 2 7 39 7 43 94 29
99 18 20 53 76 54 62 60 10 47 71 96 83 50 37 83 52 73 35 76 81 49 40 85 76 36 65 60 74 61 59 24 34 84 24 41 3 52 72 61 93 31 88 89 19 68 2 51 20
56 60 37 87 23 68 63 30 27 61 35 80 72 62 86 75 86 67 0 46 76 88 37 18 6 25 10 68 77 87 3 99 71 27 27 48 9 5 62 64 87 49 12 33 39 85 77 45 14 38
77 20 81 54 3 41 27 11 99 89 96 27 35 17 69 35 45 50 63 26 34 78 54 74 77 84 36 34 55 96 64 21 17 95 76 26 73 39 2 30 95 24 50 22 15 70 67 89 99 10 5
74 66 20 46 91 53 99 85 24 51 57 66 75 88 81 73 5 54 76 75 1 3 40 15 60 7 44 19 93 15 24 18 11 36 39 22 70 42 32 3 27 28 84 22 69 85 64 4 65 54 94 23
69 66 8 15 5 71 36 79 42 50 3 71 41 43 83 19 4 48 69 93 96 92 51 71 71 32 22 52 44 20 20 37 58 45 93 38 93 36 8 38 57 83 73 92 86 91 39 55 80 52 24 53 81
26 20 26 44 22 96 23 5 86 71 37 27 35 4 55 61 4 31 41 6 27 25 21 39 84 87 92 28 98 70 73 88 82 39 25 41 55 58 87 68 59 25 16 1 37 67 31 48 84 86 63 32 21 38
57 45 14 40 65 37 37 12 26 27 91 15 74 78 98 56 37 21 43 9 89 60 34 31 66 38 96 84 84 52 63 46 82 71 89 25 31 58 94 88 4 48 39 68 80 22 84 82 88 40 26 80 60 27 95
56 20 55 53 98 32 82 61 63 42 5 25 78 81 21 28 19 47 23 49 75 96 34 92 56 38 46 96 37 86 43 4 6 16 23 21 66 40 13 24 70 94 51 46 32 27 27 27 88 14 2 37 79 1 69 74
73 57 10 65 77 25 31 20 89 28 62 62 71 43 26 67 11 1 45 36 90 29 23 33 29 6 86 27 72 71 81 84 43 10 7 81 75 27 85 39 60 42 41 86 58 13 12 71 87 69 7 63 69 76 46 15 13
67 20 79 35 78 79 83 21 45 19 88 55 88 55 62 13 11 46 58 98 74 0 92 63 12 82 91 64 43 36 68 23 53 18 85 24 95 50 2 70 53 74 78 98 30 77 49 30 82 87 99 8 55 46 85 38 15 9
20 44 50 28 45 25 11 14 29 61 25 72 82 7 80 94 48 31 31 72 83 81 9 51 87 26 23 22 63 11 73 32 74 56 5 27 49 53 47 7 63 85 20 94 78 92 16 28 84 63 58 44 28 64 46 90 36 79 55
95 97 58 28 31 37 60 93 41 70 29 39 86 31 93 4 71 24 62 62 41 71 77 95 61 33 20 18 16 73 84 97 70 23 26 34 50 78 1 49 2 52 51 84 17 89 11 66 53 20 63 82 40 13 50 35 22 94 26 81
42 81 96 47 82 98 17 24 9 39 70 78 5 16 0 65 37 53 38 45 69 3 20 7 1 27 20 25 72 98 40 6 90 46 52 84 36 86 37 50 85 33 71 62 18 33 68 24 79 0 71 17 46 96 16 42 0 59 66 5 74
38 19 55 74 27 47 73 92 98 68 68 88 52 89 15 83 76 23 15 94 84 57 63 90 16 93 67 21 26 97 4 17 49 67 70 85 19 9 12 82 7 16 57 28 61 52 68 10 61 69 27 54 70 37 58 70 27 26 50 80 17 55
53 5 76 35 12 59 80 63 11 25 44 86 82 96 46 35 50 87 27 41 68 99 98 46 86 65 8 58 99 86 66 32 76 78 6 85 72 20 89 36 46 50 62 74 91 48 65 22 60 27 54 49 21 37 17 64 11 56 52 19 17 46 62
79 9 39 80 92 68 65 86 53 67 32 61 36 44 60 56 9 34 62 0 83 76 9 37 88 50 83 74 51 9 71 6 4 49 49 25 3 66 48 75 81 24 56 39 40 41 25 60 61 96 96 98 93 15 61 95 73 82 45 90 12 95 79 4
56 35 67 10 99 91 83 19 48 32 90 99 70 25 74 98 10 50 0 74 77 35 7 44 20 11 84 58 36 55 42 78 74 47 26 31 53 67 21 4 83 76 29 95 25 89 42 5 2 17 71 8 76 27 70 78 32 26 25 87 40 44 22 42 10
98 2 11 39 33 62 77 61 90 70 51 91 53 15 16 0 64 9 71 47 25 78 59 6 6 83 75 20 0 76 54 1 38 46 78 46 99 42 70 75 88 21 24 10 41 4 85 69 68 77 16 88 31 35 81 84 23 20 98 80 49 25 89 95 97 95
73 94 27 49 95 64 58 29 22 16 88 57 22 83 68 48 34 72 6 98 58 21 41 48 76 92 4 0 70 6 59 73 16 91 46 12 4 24 50 23 88 11 47 11 29 46 28 90 62 67 66 25 20 94 65 9 3 51 44 61 99 8 50 68 58 5 95
61 61 20 62 15 67 16 10 12 65 49 60 66 24 40 31 34 89 13 82 41 2 23 51 32 71 17 20 19 12 24 60 98 46 64 37 96 58 27 97 38 29 44 68 37 50 1 96 32 3 98 56 52 79 51 75 9 29 44 93 6 81 79 71 46 68 26 8
71 37 56 60 96 7 31 61 34 43 37 70 3 8 4 12 68 70 26 49 93 3 49 3 19 49 4 1 61 41 0 29 80 22 23 78 42 14 91 14 74 21 31 45 71 67 91 29 63 28 97 89 86 84 81 52 64 6 13 34 15 94 34 82 22 98 4 4 64
54 68 24 33 4 77 5 4 83 20 55 5 57 77 6 22 48 83 95 61 29 68 18 1 95 79 30 26 52 75 30 66 43 85 57 51 33 73 45 31 94 82 62 15 32 84 17 52 91 60 64 32 61 91 52 5 24 63 90 52 49 95 8 9 17 38 71 15 72 12
67 2 7 85 99 69 9 51 47 12 33 11 8 51 36 47 53 45 94 19 57 91 32 58 90 19 24 0 54 58 8 6 85 47 74 62 29 59 49 98 97 18 94 8 18 70 58 16 49 76 23 90 95 16 10 30 23 98 7 6 28 83 14 99 7 25 22 60 44 64 0
25 98 10 34 0 34 98 20 6 12 90 24 88 80 6 58 24 20 53 64 60 67 75 33 67 83 88 97 48 88 77 49 92 77 89 85 22 60 47 29 41 17 83 18 42 65 95 26 5 29 12 82 67 38 66 57 70 67 33 62 17 14 30 9 34 53 14 23 7 97 21 82
25 86 99 27 84 89 25 86 19 73 75 70 31 85 91 88 12 65 86 85 60 53 34 87 89 67 32 80 74 4 51 75 82 5 67 1 68 52 28 67 75 50 59 18 30 21 15 27 80 23 88 10 12 70 18 64 47 71 57 80 63 33 10 35 67 91 29 98 12 58 77 53 25
2 98 79 14 85 78 69 32 61 56 17 41 67 21 51 22 60 97 79 83 9 6 22 10 15 47 84 44 56 96 71 21 78 70 61 31 61 20 71 6 69 97 38 12 42 8 45 48 63 78 85 25 63 34 13 37 31 40 1 59 41 49 9 11 94 62 68 12 78 80 96 92 9 7
29 20 34 63 25 18 69 65 54 82 71 47 48 1 13 84 75 21 30 79 60 94 5 10 0 41 47 70 22 64 2 6 70 13 24 14 92 41 75 75 42 77 93 12 58 67 50 8 0 43 13 99 56 96 4 86 25 47 52 20 1 27 72 27 21 96 26 96 53 11 64 91 46 58 70
23 16 45 46 98 22 20 68 60 8 91 19 95 32 9 21 0 50 85 27 68 39 97 82 78 41 5 95 65 44 54 21 73 5 16 20 8 4 49 74 71 9 81 74 47 27 4 39 62 16 54 26 27 26 35 48 47 32 42 87 77 25 68 94 93 21 24 77 56 49 89 88 12 86 32 73
12 99 42 4 24 0 62 6 19 11 98 26 88 57 72 9 91 82 25 66 1 90 61 74 96 19 68 84 87 8 29 35 5 37 74 83 92 94 37 43 96 90 18 6 37 48 18 65 87 65 84 56 54 57 98 88 71 21 27 96 27 50 16 2 70 99 74 29 54 73 91 53 6 79 52 83 14
38 11 34 22 75 93 84 35 61 81 62 82 67 5 88 24 5 21 44 23 7 74 84 52 58 28 52 73 79 72 98 90 43 21 2 55 17 85 86 65 28 9 31 3 72 71 90 24 68 60 5 56 35 62 71 64 76 99 95 50 64 97 98 89 86 74 3 89 65 48 79 76 18 29 70 11 66 40
64 45 0 73 75 49 0 59 34 94 3 6 11 23 23 91 67 5 80 88 10 58 21 40 90 40 40 83 0 43 40 88 49 8 77 96 56 95 95 53 62 83 88 15 96 50 77 22 37 72 28 13 19 98 15 87 11 16 89 81 89 34 18 8 42 92 54 57 21 73 23 71 46 3 23 43 82 90 92
43 60 39 83 10 33 19 57 13 2 57 2 64 20 40 56 95 65 98 87 71 50 39 99 77 54 30 87 58 56 15 42 66 13 9 0 91 13 42 26 57 4 74 47 36 63 13 18 94 64 46 1 44 63 77 61 27 62 67 41 28 28 89 33 62 11 63 24 28 3 44 65 75 76 24 79 5 44 97 72
68 55 67 64 26 35 99 31 54 55 79 88 53 40 44 99 35 11 17 18 85 79 44 64 84 91 43 22 87 88 49 70 29 76 94 79 98 52 17 95 38 96 66 97 93 64 41 58 78 16 62 43 9 81 42 85 31 63 10 22 2 54 87 64 90 17 39 58 24 96 12 20 74 13 83 88 28 6 83 88 14
29 23 74 18 56 46 50 52 54 54 76 10 80 25 70 70 77 65 26 5 39 63 13 82 87 79 16 14 36 46 7 47 45 68 60 19 45 4 2 16 67 91 90 74 92 70 40 90 25 57 59 47 99 97 0 94 29 5 37 58 27 82 25 26 97 68 72 31 80 21 25 59 39 4 52 44 51 62 38 61 71 23
88 30 98 84 96 88 51 50 16 66 39 75 65 94 99 84 59 11 9 39 55 39 61 2 21 22 85 29 69 56 45 6 54 96 58 44 57 25 69 58 60 44 76 25 27 60 34 24 21 52 52 92 43 3 69 33 70 6 46 32 39 85 94 19 28 72 28 19 59 87 12 9 50 58 18 85 98 15 91 43 45 96 28
79 7 4 63 56 66 34 49 21 1 7 19 50 7 78 55 98 22 97 51 26 98 74 20 17 44 7 88 70 79 80 58 64 74 84 76 32 2 55 51 86 31 23 3 22 62 9 38 54 57 20 38 18 95 49 23 27 96 9 71 12 89 88 90 91 32 31 26 77 29 17 48 26 98 80 54 40 38 71 72 26 94 63 25
76 2 35 95 34 22 13 23 43 72 36 12 72 73 7 56 58 92 80 60 45 60 3 64 39 55 10 86 94 8 70 85 21 10 8 27 38 34 49 97 68 54 56 11 52 13 98 91 88 99 20 6 79 50 74 70 69 28 75 96 18 7 38 97 97 4 92 21 31 3 87 84 82 27 23 4 86 96 56 25 95 5 37 96 5
1 96 23 71 21 14 85 26 19 43 14 63 55 14 59 78 35 27 80 31 34 95 91 93 98 52 97 26 90 59 56 57 43 62 23 52 31 79 27 30 13 91 26 44 43 72 38 73 17 88 57 96 48 2 72 83 67 70 79 54 75 5 50 53 50 99 14 10 46 66 28 75 83 12 59 60 78 93 38 90 65 18 16 13 40 46
27 48 75 11 12 50 60 49 20 63 12 16 81 70 93 19 45 24 94 2 21 43 46 84 18 72 59 46 8 53 35 73 67 82 47 3 90 16 80 13 1 89 55 40 59 16 8 30 98 77 34 44 22 48 3 79 40 67 67 91 77 25 20 8 9 18 53 92 72 77 83 3 84 47 13 87 65 59 44 15 6 18 67 14 20 23 86
12 10 87 97 78 23 60 36 75 97 85 78 68 51 44 6 57 54 83 40 90 57 48 89 81 30 11 65 53 62 26 86 80 17 32 70 50 3 11 71 14 7 98 10 15 33 75 81 56 54 74 7 52 49 82 46 14 83 8 13 48 8 39 88 59 76 83 36 43 20 18 32 45 78 93 93 67 21 11 7 4 42 5 49 2 40 6 12
4 2 10 13 60 63 30 99 33 65 91 20 66 26 17 75 76 24 18 60 35 83 68 17 77 56 11 20 83 35 56 6 4 30 47 58 52 78 73 16 34 30 11 86 22 10 3 69 51 99 65 25 20 59 37 42 51 1 11 99 43 56 91 69 19 10 57 49 68 57 6 39 66 80 25 50 0 39 5 50 46 23 94 61 24 26 54 19 62
21 68 89 7 25 81 44 79 1 35 32 97 4 45 99 5 27 45 17 3 85 70 73 12 46 14 81 19 59 81 55 81 36 15 44 2 98 23 44 89 92 21 32 94 56 0 45 98 58 21 33 55 28 47 2 67 14 92 59 36 63 88 39 82 45 17 51 4 13 56 36 21 90 27 70 59 52 81 92 55 82 26 47 81 61 72 98 61 45 87
45 67 32 12 95 55 70 71 14 54 48 74 69 27 21 38 40 33 8 12 88 70 72 97 88 20 87 16 49 67 36 1 33 57 44 68 46 94 17 55 9 92 86 77 67 46 79 52 4 84 17 95 31 77 50 89 10 73 82 44 74 46 2 94 21 25 75 77 60 53 86 39 0 45 44 15 16 80 61 55 36 47 2 11 2 66 32 2 98 15 71
8 6 0 74 32 7 95 43 3 70 25 47 94 3 49 48 26 27 68 95 34 82 98 99 39 63 54 48 72 85 98 93 79 76 54 83 4 1 76 90 98 55 74 10 48 10 73 44 67 22 17 85 5 69 57 92 61 10 29 56 15 45 35 20 94 29 92 22 59 62 60 75 21 64 48 65 58 5 72 40 97 5 56 82 48 28 93 82 66 39 7 69
59 84 5 68 53 92 58 75 52 97 29 66 4 49 15 65 18 88 46 22 81 18 26 0 64 29 70 44 14 72 96 55 69 8 85 54 79 74 59 78 39 36 25 88 49 77 87 29 90 47 24 84 11 62 33 49 63 59 63 30 88 4 76 89 43 51 30 57 21 26 49 38 16 26 76 24 10 17 96 88 8 38 5 53 6 19 26 90 95 73 88 69 9
89 46 9 31 16 52 69 79 69 2 20 91 2 81 66 67 40 78 49 22 9 26 90 67 33 53 46 63 97 18 36 24 67 84 41 64 30 12 95 68 87 8 96 33 18 60 27 34 19 0 5 63 80 42 33 50 87 54 23 55 90 4 43 38 23 12 50 46 19 5 2 5 47 29 82 80 1 22 93 1 9 96 68 24 19 21 68 74 46 29 47 83 16 90
42 91 28 84 51 62 90 60 62 78 21 27 1 22 79 66 98 28 59 88 77 87 87 52 42 76 93 45 67 87 15 41 34 79 32 90 50 46 26 44 51 54 42 16 63 70 36 29 82 53 80 37 10 26 6 87 56 91 85 80 10 40 91 32 70 5 64 11 93 88 9 2 74 6 66 37 22 64 20 10 11 98 5 11 45 67 13 24 41 21 97 37 66 64 15
80 30 78 10 92 85 15 94 81 70 30 52 34 63 40 35 81 59 67 61 30 87 52 32 33 17 76 38 39 69 1 9 40 15 17 30 95 42 75 41 25 75 81 16 23 65 90 96 95 25 86 13 94 48 64 24 22 4 88 47 27 92 58 24 68 96 55 3 29 92 68 38 7 17 60 48 63 78 63 21 55 22 93 4 31 75 79 23 42 35 46 33 74 23 39 44
69 97 36 22 89 58 42 9 42 37 54 97 16 40 10 66 46 53 20 23 77 5 66 83 49 41 82 76 18 82 4 69 11 78 72 14 73 57 57 54 6 66 85 22 49 56 38 49 75 50 68 6 68 47 75 70 80 34 8 15 64 8 22 95 56 84 82 4 72 69 18 97 72 93 62 12 81 14 5 95 26 21 41 4 27 2 4 10 50 62 75 26 80 18 47 11 26
30 2 99 81 14 16 98 92 84 96 74 42 17 51 48 72 82 55 69 12 61 44 37 68 10 48 10 58 64 93 35 85 68 34 44 78 72 35 33 24 53 61 89 94 95 86 96 96 14 1 82 97 90 35 45 8 69 62 79 73 10 75 96 44 6 84 6 33 38 31 34 38 67 14 28 30 38 79 31 71 8 64 75 32 35 37 88 69 68 79 12 63 71 45 26 43 9 16
66 83 89 20 45 98 59 71 97 42 15 75 13 60 69 76 11 67 14 26 36 69 97 12 98 3 69 3 45 47 48 8 27 69 73 78 42 63 39 91 40 58 97 77 79 67 71 48 11 63 99 27 23 40 22 0 92 40 46 14 90 23 87 26 18 73 54 66 69 45 90 66 22 90 34 17 83 1 20 93 66 28 20 62 19 10 74 49 79 48 83 72 59 92 7 43 31 52 7
62 86 13 21 10 2 22 76 63 2 45 24 50 77 74 99 89 23 28 26 36 42 9 55 31 53 37 75 70 41 38 37 8 29 2 73 13 61 42 52 47 33 4 41 64 3 1 69 11 86 86 52 60 26 44 20 6 33 14 11 8 28 47 20 75 47 33 51 84 15 74 90 13 66 29 69 39 97 9 78 4 14 10 30 62 18 65 40 1 37 0 20 88 9 18 4 47 78 21 78