# seed: 1143050859
43
73 4
27 94 37
67 70 31 20
43 25 30 51 71
5 30 78 72 67 29
60 37 62 70 1 68 55
89 62 2 43 39 80 98 42
98 14 66 21 30 29 13 65 92
38 21 16 81 71 5 13 79 60 67
15 11 48 65 24 18 8 9 44 35 47
95 93 2 73 67 97 27 92 61 31 97 19
66 12 27 54 88 50 89 58 77 51 25 3 61
31 44 30 54 56 83 64 41 16 72 97 28 90 2
28 2 26 78 71 48 61 42 57 86 28 68 9 21 2
21 27 96 30 96 25 29 52 19 54 76 55 21 38 71 76
9 71 9 14 54 58 5 17 4 31 10 97 68 14 49 12 20
30 7 36 34 20 78 44 3 85 7 55 48 85 46 86 13 88 53
51 27 59 46 26 92 28 85 49 44 56 87 48 83 41 81 86 54 12
8 68 92 77 66 11 3 94 71 34 15 70 79 86 67 99 47 17 70 48
10 98 25 40 81 23 48 12 83 47 63 24 33 91 40 22 22 7 23 28 83
6 74 39 29 82 14 65 12 54 78 39 77 2 35 29 20 65 69 32 92 51 26
9 51 71 37 8 42 48 59 19 6 87 50 10 90 63 94 25 57 77 20 93 67 48
5 33 88 94 61 87 97 74 27 66 8 26 30 59 42 64 49 21 68 32 67 23 32 33
16 28 14 5 29 94 83 61 52 92 29 58 41 42 85 85 93 52 26 32 79 75 99 50 46
39 57 95 85 90 99 13 7 6 58 31 4 98 25 63 68 67 10 24 75 90 8 91 57 7 42
19 97 28 92 75 97 19 4 22 88 3 11 54 13 2 43 67 80 69 86 92 32 57 41 37 80 33
59 12 58 30 4 33 18 26 66 69 15 41 75 66 41 10 21 77 51 73 68 97 43 55 94 56 69 99
73 9 81 5 25 92 90 9 64 12 64 81 16 67 48 24 33 39 3 3 12 64 73 94 8 69 93 72 36
57 23 33 89 39 49 88 82 92 38 13 46 78 21 29 43 9 15 61 45 44 70 66 73 5 70 42 20 50 8
0 24 61 9 38 99 81 28 92 3 79 21 74 46 31 79 70 86 35 17 28 29 22 14 99 99 31 15 84 61 21
49 31 83 79 0 3 21 65 82 31 72 74 61 91 75 29 29 44 29 58 70 43 87 25 7 42 23 99 7 57 77 18
21 94 84 36 99 63 44 32 15 3 71 63 51 28 15 94 55 48 25 41 17 13 84 45 45 79 84 23 87 33 21 1 51
43 11 10 15 58 0 14 76 71 43 32 78 19 28 67 70 32 93 52 59 96 48 82 93 38 2 61 99 31 77 25 11 83 65
63 88 26 90 86 39 38 97 76 68 81 32 4 60 61 97 72 68 32 79 3 89 19 22 29 3 75 17 68 37 34 97 87 54 0
39 62 10 46 67 4 94 29 13 41 95 51 34 36 63 22 85 2 31 31 31 29 2 82 16 8 33 61 32 32 40 3 46 96 12 42
41 30 15 96 76 69 86 87 56 68 77 82 54 1 54 0 70 71 76 64 48 33 47 26 73 64 51 44 82 57 1 33 1 96 9 9 22
37 65 15 10 1 26 3 70 36 90 27 58 90 63 40 36 93 56 3 0 58 42 58 79 88 97 69 98 22 5 69 53 37 16 93 4 1 77
57 76 61 40 72 7 7 97 26 91 90 39 74 98 99 22 99 4 39 12 77 65 98 6 35 70 33 11 39 86 18 71 50 6 62 50 4 10 41
63 95 58 86 3 44 62 89 63 23 31 88 87 69 24 62 1 17 48 81 66 51 17 36 84 95 14 44 70 49 10 20 44 39 90 3 6 18 57 6
61 91 78 96 21 73 43 13 78 19 41 28 94 23 37 5 43 26 2 3 10 28 4 32 29 53 17 21 64 98 94 9 27 38 75 87 17 33 12 48 68
42 68 3 30 77 32 31 53 55 20 79 80 86 7 85 78 6 36 78 71 30 6 19 29 25 0 8 61 9 42 41 48 77 92 6 46 95 61 33 46 57 17
24 23 89 23 44 42 49 11 24 8 65 48 15 53 12 58 37 29 81 26 22 22 89 67 9 94 19 49 16 13 49 21 1 32 55 73 44 82 63 38 72 92 50
40 73 53 90 65 92 11 89 14 3 57 50 27 19 98 99 70 62 7 86 12 27 73 22 60 18 14 63 53 94 78 3 91 85 2 75 29 6 40 1 66 74 6 39
1 73 58 61 88 81 7 29 90 66 24 52 61 96 77 26 24 30 66 15 68 88 23 76 86 59 61 49 45 73 73 89 74 11 51 68 74 33 43 10 15 61 31 27 7
44 92 31 58 83 28 29 75 41 41 25 23 94 5 61 75 79 21 91 48 49 20 52 8 68 40 7 54 14 80 89 26 98 95 19 81 26 16 47 5 72 8 13 86 84 80
93 48 49 35 5 84 79 28 92 86 24 49 99 49 51 22 69 31 32 1 26 19 3 35 24 94 1 67 57 94 5 46 13 74 49 15 21 74 12 77 22 61 92 48 60 42 49
89 82 74 68 7 63 90 30 79 80 76 93 55 76 90 49 3 93 74 1 8 32 89 65 19 61 49 61 50 78 23 31 42 62 41 65 61 94 64 94 14 86 74 95 92 19 75 88
31 42 2 24 99 53 31 22 40 41 21 5 22 74 18 35 63 72 62 24 30 4 38 17 99 12 21 43 5 81 50 29 27 2 85 11 92 53 27 47 57 10 5 10 94 52 32 99 46
60 25 87 27 57 0 41 10 17 71 54 43 31 53 45 2 82 16 89 14 87 4 67 51 16 62 43 55 83 6 56 57 17 29 16 36 92 78 3 55 13 87 91 26 20 53 4 24 70 38
10 42 85 8 16 37 35 43 61 84 72 78 22 58 49 10 2 64 78 60 66 38 64 78 6 29 13 42 46 65 3 12 34 56 39 77 44 71 63 16 15 87 74 37 25 49 63 65 26 20 90
66 92 24 98 55 72 5 42 80 34 5 91 84 86 31 70 28 76 29 16 58 33 65 33 94 68 24 23 17 23 67 92 63 31 40 23 91 27 53 26 83 98 36 44 49 57 84 5 53 11 83 38
80 15 21 63 19 68 84 9 62 29 87 62 41 32 29 99 49 61 7 93 26 92 15 92 32 39 62 5 17 51 53 57 63 46 12 13 87 89 86 53 89 44 69 41 43 99 5 94 1 22 69 28 91
97 20 72 96 36 14 18 9 18 48 77 42 9 58 74 45 23 80 83 26 25 52 64 44 39 40 88 96 48 87 95 0 4 21 49 10 73 20 51 12 65 31 86 22 48 42 55 35 17 84 27 79 79 22
80 73 18 12 74 33 49 10 37 35 71 29 53 80 21 0 89 25 19 30 12 62 3 25 27 87 89 53 93 35 18 52 64 74 70 86 6 9 28 78 46 14 68 28 10 61 29 73 75 36 22 77 11 90 7
87 16 15 89 88 53 51 90 85 86 24 48 11 89 7 73 63 59 10 4 78 27 58 71 8 89 64 32 32 80 83 55 40 10 37 50 35 91 25 24 15 98 25 28 34 15 72 45 76 24 96 23 0 27 34 41
72 96 99 6 83 57 24 24 75 86 62 3 71 23 92 59 87 93 70 17 91 49 10 67 90 40 90 4 84 48 42 22 14 72 47 76 99 7 25 32 68 83 70 2 85 30 93 83 96 18 74 60 22 1 44 71 56
24 21 73 88 65 53 51 46 8 50 94 38 38 43 37 29 6 29 77 88 90 39 1 36 78 67 41 47 12 79 90 15 3 21 4 39 45 87 6 64 69 86 47 22 3 82 30 56 19 11 97 80 4 91 28 24 29 84
92 22 55 73 19 31 70 89 98 37 94 73 89 23 38 52 72 18 76 17 12 25 69 79 74 97 56 20 96 51 14 32 93 64 16 42 10 24 28 99 54 78 39 2 36 36 88 36 97 66 23 84 70 61 48 27 99 47 51
54 33 66 50 25 39 96 96 29 91 37 42 42 54 91 36 83 61 90 95 10 30 46 98 3 32 64 54 1 38 83 23 46 80 1 36 93 39 61 68 86 63 79 27 1 48 30 65 67 50 82 1 66 75 59 22 67 34 22 12
67 57 31 45 27 52 51 32 2 73 73 78 78 77 25 4 53 49 65 29 42 58 12 61 72 51 64 12 56 0 2 56 95 53 97 10 34 57 66 12 54 49 4 96 72 45 32 85 27 89 19 18 49 30 15 49 75 79 32 55 68
91 53 34 70 73 56 76 14 44 47 53 98 14 40 96 4 20 16 13 21 71 76 95 43 68 92 61 77 79 1 58 38 14 51 49 1 83 0 77 24 68 45 93 66 54 66 12 63 4 28 60 4 89 72 16 57 66 71 2 92 79 90
3 63 58 91 50 46 17 13 35 82 89 66 0 74 59 99 55 61 43 73 63 92 93 99 85 38 56 27 32 90 86 75 92 57 86 86 32 10 80 92 64 75 19 38 10 6 74 74 0 84 1 95 58 5 68 58 58 42 96 77 10 21 85
77 87 88 42 16 56 49 8 95 2 76 79 75 37 93 10 71 57 50 92 78 24 79 73 67 59 66 0 45 9 18 16 94 11 63 42 16 26 82 37 56 43 7 28 47 88 41 5 94 45 19 70 5 58 34 22 72 0 62 43 34 72 49 55
16 95 62 94 23 68 31 2 14 57 12 70 62 69 97 73 31 99 18 27 76 15 49 37 4 30 56 6 77 79 70 22 74 17 33 27 16 89 15 60 41 38 26 30 10 76 20 23 91 93 35 25 1 95 18 95 43 11 6 43 58 12 41 32 64
0 65 8 20 31 1 11 61 57 13 43 33 34 91 11 44 34 3 50 82 12 23 48 45 40 88 60 32 36 2 34 70 16 18 26 83 42 39 67 62 37 38 93 39 83 15 96 52 18 17 69 35 79 6 24 99 65 45 48 92 78 5 28 60 57 99
55 25 11 91 7 45 52 16 32 45 94 66 11 14 33 46 26 46 95 93 14 99 2 9 20 30 11 45 82 19 55 96 29 29 6 78 81 56 1 91 61 87 35 41 61 22 43 13 98 65 6 1 91 35 16 77 27 77 94 64 36 9 14 42 68 84 34
48 15 77 52 92 7 29 39 92 83 8 32 78 68 88 88 34 99 98 45 24 49 10 60 40 29 88 97 88 42 65 4 49 89 79 96 78 86 90 90 67 12 40 88 42 76 20 26 32 90 24 74 2 98 28 80 58 86 67 78 22 85 37 99 73 89 94 15
38 78 7 23 22 35 19 23 48 46 37 27 63 79 69 16 92 67 41 56 71 19 2 92 93 32 80 71 56 73 59 72 99 40 28 7 16 3 8 65 13 55 23 0 95 48 1 97 42 3 83 80 77 91 81 0 61 19 85 90 90 51 4 87 50 63 80 29 63
89 70 62 88 2 45 21 16 47 77 27 38 26 42 5 89 40 69 60 20 99 37 41 14 45 82 28 38 84 32 50 1 5 51 58 65 43 24 49 17 25 91 48 86 20 59 11 91 20 64 57 60 23 8 11 54 11 42 11 3 49 71 81 44 54 3 45 65 71 40
0 76 41 13 10 18 78 86 73 15 96 68 43 65 47 34 65 72 39 79 12 94 52 70 27 46 45 60 31 7 41 8 63 23 5 34 63 97 51 75 51 13 20 8 74 26 84 62 38 50 51 93 47 2 96 41 43 80 55 51 36 68 73 69 54 87 63 62 45 63 72
81 18 40 91 64 22 47 93 72 36 62 40 68 16 39 86 44 14 99 81 77 40 75 27 98 40 13 28 22 26 73 71 29 42 2 62 72 83 89 18 78 11 29 70 65 11 78 76 62 43 1 22 13 76 88 16 45 50 55 0 64 44 22 10 50 42 5 81 17 42 23 7
46 32 79 93 74 41 35 56 76 23 79 65 67 18 60 31 83 75 6 50 58 14 75 32 45 75 51 52 37 5 34 81 84 18 20 32 93 8 73 94 45 58 36 65 39 23 86 12 83 91 30 3 10 3 71 58 50 0 18 27 10 37 52 34 78 2 32 96 5 73 96 68 42
7 10 47 73 4 87 40 63 8 51 92 18 53 78 94 33 26 15 33 11 99 60 41 22 72 59 97 90 56 0 56 47 6 84 23 93 99 38 50 44 27 88 42 85 59 89 70 57 80 22 80 56 49 72 31 92 55 37 51 84 73 34 53 96 44 1 4 12 61 59 90 81 47 91
96 84 37 11 54 54 75 15 26 49 61 32 26 94 48 10 34 63 85 62 64 28 13 67 12 5 3 75 36 91 70 35 9 25 14 41 96 26 82 74 3 82 77 96 1 26 6 33 73 0 34 67 8 55 68 48 85 59 75 22 61 2 96 47 32 25 48 86 90 7 58 11 65 51 98
65 4 16 1 20 37 5 45 33 57 19 22 66 8 52 63 22 4 54 34 65 82 89 22 74 19 98 75 98 82 17 5 71 0 9 90 17 18 28 35 64 47 66 86 39 5 72 1 77 37 78 91 11 83 16 12 66 84 18 64 15 59 51 9 1 64 33 33 81 8 28 30 9 38 17 89
12 19 1 7 47 12 19 32 42 82 50 90 33 27 24 53 85 24 9 93 35 60 80 93 28 18 49 72 44 35 59 70 85 11 36 88 71 70 36 65 94 77 39 44 64 26 4 11 38 5 83 79 61 20 89 23 42 98 75 3 56 37 73 70 38 89 6 19 73 38 2 89 79 42 35 34 26
41 17 10 12 93 65 25 8 9 69 34 51 82 82 1 89 5 87 64 51 57 78 42 42 17 29 48 65 54 19 16 43 66 88 69 36 10 51 77 12 18 28 19 7 10 35 96 80 6 12 85 3 43 76 83 13 61 36 12 92 88 89 2 8 59 33 80 38 86 70 22 36 23 41 22 86 4 49
34 64 11 9 44 0 46 84 88 70 36 52 66 56 62 11 40 84 3 83 60 39 97 69 91 36 17 37 50 12 26 32 69 17 11 46 86 61 23 98 32 50 9 5 68 64 46 96 70 44 55 51 85 33 81 43 10 80 31 63 11 72 97 72 7 20 31 54 46 69 30 27 51 61 49 6 66 78 5
8 12 63 89 37 58 48 96 54 46 14 13 20 94 8 33 61 27 68 5 66 93 61 3 81 93 1 83 4 99 68 35 59 79 46 47 40 96 42 8 70 23 7 75 68 34 26 18 59 5 78 36 78 11 22 70 74 85 65 3 47 76 12 16 58 61 95 64 41 62 62 74 45 49 29 54 19 8 60 16
99 56 65 1 41 39 2 6 53 77 22 77 58 16 52 7 59 99 17 81 52 57 12 9 44 88 47 93 92 36 4 78 35 46 5 22 48 29 54 64 82 52 38 10 74 24 37 21 80 17 81 85 92 16 91 0 72 51 82 32 4 29 99 57 21 14 79 5 22 27 94 32 77 54 89 16 99 79 91 66 48
56 18 56 18 68 13 34 76 92 57 19 18 28 57 97 48 48 79 5 81 58 74 94 78 3 89 90 4 10 6 98 19 98 37 18 37 73 0 96 44 14 4 31 31 72 10 73 88 96 63 19 22 52 90 57 30 51 84 21 62 33 54 72 37 64 28 0 71 46 37 78 60 69 12 27 39 2 66 83 77 21 33
82 4 57 81 62 36 90 2 31 81 11 91 58 47 95 10 9 9 23 68 91 40 89 9 88 5 57 40 25 32 45 89 58 45 92 33 97 39 8 6 3 44 0 69 98 71 81 52 17 62 73 13 57 96 15 25 56 74 97 30 68 11 67 58 39 14 62 72 66 77 29 24 61 24 13 39 88 71 24 73 96 40 84
36 38 85 17 22 13 2 32 27 76 68 95 12 70 39 90 52 13 38 9 25 10 60 98 19 6 77 6 86 75 52 31 69 63 94 4 88 91 61 52 66 8 34 49 64 94 59 5 91 73 68 25 61 24 78 2 43 95 15 53 34 49 22 22 52 36 59 72 14 32 66 33 25 90 61 9 81 23 51 22 38 7 72 59
18 2 43 53 37 14 29 15 13 47 65 82 17 68 20 1 96 94 85 96 82 44 25 55 44 81 82 66 65 3 11 20 30 89 66 72 67 80 17 26 96 67 98 95 39 80 45 43 55 32 8 24 6 3 58 40 24 13 57 73 16 61 88 80 1 59 69 95 18 24 64 45 38 11 0 68 44 57 66 79 70 78 13 10 45
26 77 6 89 22 76 58 31 88 51 35 37 91 69 33 46 60 27 7 88 86 56 62 18 64 20 63 14 21 76 29 75 3 37 46 96 72 43 53 42 42 12 78 41 97 22 47 51 46 73 34 13 17 6 76 30 96 85 8 18 8 39 66 80 4 57 88 56 76 41 11 89 29 47 99 10 17 67 52 89 63 69 29 57 2 29
43 57 48 63 95 54 7 72 9 76 22 51 36 82 89 99 64 4 81 56 7 58 44 8 41 48 99 86 91 45 15 23 62 61 3 25 14 59 38 39 1 19 21 67 87 13 87 76 79 54 24 56 67 85 33 31 81 99 78 77 70 20 12 25 10 51 30 95 46 96 78 6 55 44 48 11 99 69 58 41 92 89 44 34 9 14 77
46 89 44 19 47 73 38 51 82 82 11 36 37 28 77 58 51 74 65 84 20 89 35 71 66 52 51 11 29 63 81 78 38 25 5 20 85 80 32 94 52 71 13 99 96 34 35 6 86 46 36 86 7 74 22 69 70 91 17 38 35 7 95 74 42 64 68 83 29 3 46 68 63 53 36 37 98 22 22 87 1 29 75 32 71 0 67 24
78 40 16 12 20 39 3 25 99 38 47 8 21 14 19 90 61 34 30 31 65 70 37 8 41 24 56 42 12 12 89 77 70 52 82 8 66 17 17 85 65 4 59 37 16 41 67 14 36 49 42 1 80 92 24 53 1 73 0 22 30 67 56 43 45 50 32 57 46 79 94 0 92 81 96 56 38 4 3 10 65 16 59 11 75 47 31 66 47
68 59 66 25 19 49 78 96 19 2 16 49 68 90 97 3 70 58 51 4 27 34 34 79 39 90 84 6 58 23 68 12 61 77 35 61 22 31 98 79 50 60 45 38 91 63 68 58 35 65 27 28 62 76 76 91 28 28 62 6 51 24 18 64 94 50 61 3 90 79 88 41 24 37 68 89 90 43 86 95 19 53 23 56 13 38 2 49 16 43
3 89 77 25 16 58 94 62 87 69 29 8 47 15 80 83 96 74 36 58 30 72 27 38 46 70 12 7 15 84 73 4 80 69 27 74 51 43 63 76 43 37 26 50 55 53 83 76 58 1 52 19 12 29 86 0 99 32 99 28 76 77 99 99 80 69 19 88 70 66 93 46 99 26 52 2 69 78 81 74 2 39 40 26 69 60 77 14 79 89 94
68 23 80 41 12 45 65 68 26 69 84 41 82 32 92 93 55 16 79 9 67 84 98 39 20 83 95 35 86 10 70 81 23 18 12 44 7 49 69 2 52 96 13 10 46 33 88 28 54 96 32 79 65 27 48 53 4 88 90 93 74 19 5 49 26 84 78 35 75 41 37 45 11 64 29 46 36 92 76 72 30 21 52 68 34 57 44 50 27 92 47 70
79 20 76 60 33 18 45 23 34 28 62 45 70 92 79 34 13 51 82 7 68 0 72 92 31 52 30 78 64 85 20 55 81 51 81 3 58 55 51 99 79 76 2 25 58 0 80 28 62 31 41 40 59 76 12 86 32 41 14 53 75 85 49 55 20 81 94 66 47 87 18 48 49 67 55 79 46 81 71 72 45 20 65 7 59 17 11 98 45 99 16 18 65
95 8 23 80 2 46 38 0 62 90 9 9 30 88 86 22 18 69 37 39 30 30 80 17 39 70 70 89 44 77 71 45 92 55 98 85 53 25 93 24 61 36 39 16 77 25 22 87 55 10 28 63 84 24 27 76 79 32 59 34 38 8 72 80 55 42 41 27 75 16 41 39 67 32 34 8 8 18 95 13 40 66 88 55 63 63 8 12 84 99 96 35 26 32
99 13 12 62 8 66 97 9 4 10 16 90 65 50 10 84 69 30 62 76 74 10 63 16 67 10 15 12 54 51 52 91 5 80 19 71 90 53 48 94 96 44 32 81 48 38 56 89 61 48 96 60 41 87 48 50 52 42 78 30 92 68 75 13 66 66 12 49 91 98 15 22 83 6 96 2 36 48 18 75 89 71 66 60 86 36 90 41 79 50 35 39 47 64 9
20 70 78 48 7 0 31 12 57 67 82 7 76 13 3 40 89 78 18 64 42 0 75 52 97 92 56 17 16 66 64 80 93 73 81 10 30 81 70 5 91 14 3 10 17 82 53 41 35 84 45 55 94 96 37 27 50 3 28 33 17 87 52 57 65 11 86 3 90 85 53 44 48 70 75 79 62 24 49 95 77 55 53 66 18 69 79 55 56 28 1 29 97 6 60 27
27 1 9 21 66 29 33 93 9 13 34 24 74 50 22 12 52 24 53 33 84 56 11 96 64 51 71 88 60 44 20 68 19 1 35 98 51 24 30 86 72 61 28 28 3 61 94 13 42 93 18 25 17 17 30 85 0 92 55 35 92 84 44 18 77 52 87 78 20 43 24 9 75 33 82 36 30 68 11 13 53 79 55 53 0 15 16 3 30 63 96 31 15 43 16 58 17
71 66 75 18 81 47 31 69 0 76 54 70 60 66 78 56 27 0 93 66 18 5 58 49 41 39 73 42 37 60 80 23 36 43 55 13 47 99 88 90 16 96 4 44 24 59 94 39 15 74 30 90 3 60 54 33 12 83 80 88 77 19 60 20 76 18 93 49 56 27 80 38 64 37 6 76 37 66 38 54 36 84 94 90 86 15 95 19 33 80 89 78 32 23 93 18 44 28
14 69 65 45 22 61 80 36 86 42 94 71 70 45 15 74 47 56 38 24 52 25 96 83 83 36 57 46 60 15 98 89 12 49 21 16 52 80 72 71 86 53 96 10 89 64 10 17 9 56 43 41 66 17 62 51 86 90 84 57 53 30 8 7 45 95 93 79 44 34 36 66 89 57 50 7 52 60 99 17 58 72 87 40 85 1 9 25 26 23 98 93 4 64 88 56 60 97 65
75 70 54 83 72 0 44 17 25 44 64 32 45 48 42 31 10 53 31 3 16 35 51 99 28 12 15 44 8 42 0 7 80 96 70 55 13 41 80 65 38 26 48 7 37 94 98 86 24 49 22 10 0 50 32 14 83 11 32 90 14 50 83 38 39 92 38 3 93 94 61 33 80 89 32 23 69 69 61 45 0 14 39 8 74 6 40 56 98 7 28 40 82 72 3 68 30 43 44 15